12569,12568,12568,12567,12566,12566,12566,12566,12565,12565,12564,12562,12561,12559,12557,12555,12553,12552,12550,12548,12545,12543,12541,12541,12542,12543,12544,12545,12544,12544,12543,12542,12541,12541,12542,12542,12542,12543,12542,12542,12541,12541,12540,12539,12537,12535,12533,12532,12530,12528,12525,12523,12521,12520,12520,12520,12524,12529,12532,12535,12538,12540,12541,12542,12544,12545,12547,12547,12547,12548,12549,12550,12552,12553,12555,12557,12557,12558,12557,12557,12557,12556,12555,12552,12551,12546,12542,12540,12538,12533,12531,12527,12525,12524,12522,12522,12521,12521,12522,12522,12523,12524,12526,12530,12534,12538,12541,12544,12546,12548,12549,12551,12553
12560,12559,12559,12559,12559,12559,12558,12558,12558,12557,12557,12556,12554,12553,12551,12549,12548,12546,12544,12542,12540,12537,12534,12533,12533,12534,12535,12536,12536,12535,12534,12533,12533,12533,12534,12534,12534,12535,12535,12535,12534,12533,12532,12530,12529,12527,12525,12522,12521,12519,12516,12514,12512,12511,12510,12511,12513,12517,12522,12526,12530,12532,12534,12536,12538,12540,12542,12543,12544,12545,12546,12546,12547,12548,12550,12551,12554,12553,12553,12553,12551,12550,12547,12544,12542,12538,12535,12530,12526,12521,12518,12515,12512,12510,12509,12509,12509,12510,12511,12512,12514,12515,12517,12520,12525,12529,12532,12535,12538,12540,12543,12545,12546
12548,12549,12549,12549,12549,12549,12549,12549,12548,12548,12547,12546,12545,12544,12543,12541,12539,12538,12537,12534,12532,12530,12527,12524,12523,12523,12525,12526,12526,12526,12525,12524,12524,12524,12525,12525,12525,12525,12525,12525,12525,12524,12523,12521,12519,12516,12514,12512,12509,12507,12505,12503,12501,12500,12499,12499,12501,12504,12509,12515,12519,12522,12525,12527,12530,12533,12536,12538,12540,12541,12541,12542,12544,12544,12545,12546,12547,12548,12548,12547,12545,12542,12540,12536,12532,12528,12523,12518,12513,12508,12504,12500,12497,12495,12494,12494,12495,12497,12498,12500,12501,12504,12506,12509,12514,12518,12523,12526,12529,12531,12534,12536,12539
12534,12535,12536,12536,12537,12537,12538,12537,12537,12536,12535,12534,12533,12532,12531,12530,12529,12527,12526,12525,12522,12520,12518,12515,12513,12512,12512,12514,12515,12515,12515,12514,12514,12514,12515,12515,12514,12514,12514,12515,12515,12514,12512,12510,12507,12504,12501,12499,12496,12494,12491,12489,12487,12486,12485,12486,12488,12491,12495,12500,12506,12510,12514,12517,12521,12526,12529,12532,12535,12535,12537,12539,12538,12539,12539,12540,12538,12540,12539,12538,12536,12534,12530,12527,12523,12518,12512,12506,12500,12493,12488,12483,12480,12478,12477,12477,12478,12480,12483,12485,12488,12490,12493,12497,12501,12506,12511,12515,12518,12521,12524,12527,12529
12520,12520,12521,12522,12523,12523,12524,12523,12523,12522,12521,12520,12519,12517,12516,12516,12515,12514,12512,12511,12509,12507,12506,12504,12502,12500,12500,12500,12501,12502,12503,12502,12503,12503,12503,12503,12502,12502,12502,12503,12503,12502,12500,12497,12494,12491,12487,12484,12480,12477,12474,12472,12470,12469,12469,12470,12472,12475,12480,12485,12490,12496,12501,12506,12511,12516,12520,12523,12525,12527,12531,12530,12535,12533,12534,12533,12532,12532,12530,12529,12527,12524,12520,12516,12511,12506,12499,12491,12484,12477,12470,12465,12462,12460,12459,12460,12461,12463,12465,12468,12472,12476,12480,12484,12488,12493,12498,12503,12507,12510,12513,12515,12519
12505,12505,12506,12507,12508,12508,12508,12508,12507,12506,12504,12503,12501,12500,12499,12498,12497,12496,12495,12494,12493,12492,12490,12488,12487,12486,12486,12486,12486,12487,12488,12489,12490,12490,12490,12489,12488,12488,12489,12490,12489,12488,12486,12483,12479,12475,12471,12467,12462,12458,12455,12452,12450,12449,12450,12451,12454,12458,12463,12469,12474,12480,12486,12492,12498,12505,12510,12516,12515,12520,12521,12520,12521,12526,12526,12527,12525,12524,12522,12520,12517,12513,12509,12505,12499,12492,12484,12476,12467,12460,12453,12448,12444,12442,12441,12442,12443,12446,12449,12452,12456,12459,12463,12468,12473,12478,12483,12488,12493,12497,12500,12503,12506
12488,12489,12490,12491,12492,12492,12492,12492,12490,12489,12487,12485,12483,12482,12480,12478,12477,12475,12474,12473,12473,12472,12471,12470,12469,12469,12469,12469,12470,12471,12472,12474,12475,12476,12476,12474,12473,12474,12475,12475,12475,12474,12471,12467,12463,12458,12453,12448,12443,12437,12433,12429,12427,12426,12427,12430,12433,12437,12443,12450,12456,12463,12469,12477,12484,12493,12496,12504,12504,12506,12510,12510,12515,12517,12517,12518,12517,12515,12513,12510,12507,12503,12498,12492,12486,12478,12469,12460,12451,12443,12437,12431,12427,12425,12424,12424,12426,12428,12431,12434,12438,12443,12448,12453,12458,12463,12468,12473,12478,12482,12486,12489,12493
12468,12469,12471,12472,12473,12473,12473,12473,12472,12470,12468,12465,12462,12459,12457,12455,12454,12452,12451,12449,12449,12448,12447,12446,12447,12447,12448,12450,12451,12452,12453,12455,12458,12459,12459,12458,12457,12457,12459,12460,12459,12457,12454,12450,12445,12439,12433,12427,12421,12414,12408,12404,12401,12400,12402,12405,12409,12414,12421,12429,12436,12445,12453,12462,12469,12478,12485,12481,12496,12491,12498,12498,12505,12505,12506,12506,12506,12505,12503,12501,12497,12492,12487,12480,12473,12464,12454,12445,12437,12430,12424,12419,12415,12412,12410,12410,12410,12412,12414,12417,12420,12424,12429,12434,12440,12446,12452,12457,12462,12467,12471,12474,12477
12448,12449,12451,12453,12455,12456,12456,12455,12453,12450,12447,12443,12440,12436,12433,12431,12428,12425,12423,12422,12421,12420,12421,12421,12422,12423,12425,12426,12428,12430,12432,12434,12437,12439,12440,12439,12439,12440,12441,12442,12441,12439,12435,12431,12425,12419,12413,12405,12397,12389,12382,12376,12373,12373,12374,12378,12383,12389,12397,12405,12414,12425,12434,12444,12454,12459,12472,12469,12480,12476,12484,12487,12492,12492,12494,12493,12494,12494,12492,12490,12486,12480,12474,12467,12459,12451,12443,12434,12426,12420,12414,12411,12407,12404,12402,12401,12400,12399,12400,12401,12404,12408,12412,12417,12422,12427,12433,12439,12445,12450,12454,12457,12460
12427,12429,12432,12434,12437,12437,12437,12436,12433,12430,12427,12422,12418,12413,12409,12405,12401,12397,12394,12391,12390,12386,12388,12387,12390,12392,12396,12399,12403,12405,12408,12410,12413,12416,12418,12418,12419,12420,12422,12422,12421,12419,12415,12411,12405,12398,12390,12381,12372,12363,12355,12349,12345,12344,12346,12349,12355,12362,12372,12380,12394,12403,12412,12425,12434,12447,12447,12457,12461,12460,12468,12472,12477,12478,12480,12479,12480,12480,12479,12477,12473,12468,12461,12454,12446,12439,12433,12425,12418,12414,12410,12407,12403,12400,12397,12395,12392,12390,12389,12388,12389,12392,12395,12399,12404,12410,12415,12420,12426,12431,12435,12439,12442
12409,12410,12413,12416,12418,12419,12419,12418,12416,12414,12411,12407,12403,12399,12394,12389,12385,12379,12374,12368,12365,12360,12359,12356,12356,12358,12361,12366,12372,12376,12381,12384,12388,12391,12393,12395,12396,12398,12399,12399,12399,12396,12393,12389,12383,12376,12367,12357,12347,12337,12329,12322,12318,12317,12318,12322,12328,12336,12347,12356,12369,12378,12390,12402,12417,12421,12431,12438,12440,12444,12451,12456,12460,12462,12463,12463,12464,12465,12464,12461,12457,12452,12446,12441,12436,12430,12424,12419,12415,12412,12409,12405,12401,12396,12392,12387,12384,12381,12379,12377,12376,12377,12379,12382,12386,12391,12396,12401,12406,12411,12415,12418,12421
12395,12397,12400,12403,12405,12406,12407,12407,12406,12404,12402,12399,12396,12391,12386,12379,12373,12366,12358,12351,12344,12339,12334,12330,12328,12328,12329,12333,12337,12342,12348,12354,12359,12364,12368,12371,12373,12374,12375,12375,12375,12374,12371,12367,12360,12353,12343,12333,12323,12314,12306,12299,12295,12293,12293,12297,12303,12312,12323,12332,12346,12357,12366,12386,12388,12406,12413,12416,12419,12426,12433,12438,12442,12444,12445,12445,12446,12448,12447,12445,12441,12435,12433,12430,12426,12422,12418,12415,12413,12411,12407,12403,12397,12391,12385,12380,12375,12371,12367,12364,12363,12362,12363,12366,12368,12372,12377,12382,12386,12390,12394,12397,12399
12391,12393,12395,12397,12398,12400,12401,12401,12400,12398,12396,12392,12387,12382,12376,12368,12360,12351,12342,12333,12325,12317,12309,12304,12300,12299,12299,12301,12305,12309,12315,12320,12327,12333,12339,12343,12346,12349,12350,12351,12351,12350,12347,12343,12337,12329,12320,12311,12302,12293,12286,12280,12276,12274,12275,12278,12283,12292,12300,12311,12323,12338,12343,12365,12369,12387,12391,12391,12398,12406,12412,12418,12421,12424,12425,12425,12427,12427,12427,12427,12424,12421,12420,12418,12418,12416,12414,12413,12412,12409,12405,12400,12393,12386,12378,12371,12365,12359,12355,12351,12348,12347,12348,12350,12352,12355,12359,12363,12367,12370,12373,12375,12377
12391,12392,12393,12395,12396,12397,12398,12397,12395,12392,12388,12384,12378,12372,12364,12356,12346,12336,12326,12315,12305,12295,12287,12279,12273,12270,12269,12271,12274,12278,12283,12289,12295,12302,12308,12313,12317,12320,12323,12324,12325,12324,12322,12318,12312,12305,12297,12289,12282,12275,12270,12265,12262,12261,12262,12264,12268,12275,12281,12295,12302,12313,12326,12341,12348,12366,12367,12368,12378,12385,12392,12396,12400,12401,12403,12403,12404,12406,12407,12408,12409,12409,12407,12408,12410,12411,12411,12410,12409,12406,12402,12396,12388,12380,12372,12364,12356,12349,12343,12338,12334,12332,12332,12334,12337,12339,12343,12346,12349,12351,12353,12354,12355
12392,12393,12394,12395,12396,12396,12394,12392,12389,12385,12380,12374,12368,12360,12351,12341,12330,12319,12307,12295,12284,12272,12263,12254,12247,12242,12240,12240,12243,12247,12252,12258,12265,12271,12277,12283,12288,12292,12296,12298,12299,12298,12296,12292,12287,12281,12275,12269,12264,12260,12257,12254,12252,12252,12252,12254,12258,12261,12268,12276,12281,12296,12304,12319,12326,12341,12339,12344,12353,12360,12366,12370,12373,12376,12378,12379,12382,12385,12388,12391,12397,12398,12397,12400,12404,12406,12408,12408,12406,12402,12398,12392,12384,12376,12367,12358,12349,12340,12332,12325,12320,12317,12317,12318,12321,12325,12328,12331,12334,12336,12336,12336,12336
12396,12395,12395,12394,12393,12391,12389,12385,12381,12377,12371,12364,12356,12347,12336,12325,12313,12301,12288,12275,12262,12250,12238,12229,12222,12216,12213,12212,12213,12216,12221,12227,12234,12241,12248,12254,12260,12266,12270,12272,12273,12272,12269,12266,12262,12258,12254,12251,12249,12247,12246,12245,12245,12245,12246,12248,12249,12251,12258,12260,12267,12276,12284,12296,12303,12316,12312,12319,12328,12334,12339,12342,12345,12349,12353,12356,12359,12364,12371,12377,12381,12388,12391,12394,12399,12403,12405,12404,12402,12398,12394,12387,12380,12372,12362,12353,12343,12332,12323,12314,12308,12304,12303,12304,12307,12310,12313,12317,12319,12321,12321,12320,12319
12397,12395,12393,12391,12389,12386,12382,12378,12373,12367,12361,12353,12343,12332,12321,12308,12295,12281,12267,12253,12239,12226,12214,12204,12196,12189,12186,12185,12185,12188,12192,12198,12205,12212,12220,12227,12234,12240,12244,12246,12247,12246,12245,12243,12240,12238,12236,12236,12236,12236,12237,12238,12239,12240,12242,12243,12243,12247,12247,12248,12259,12261,12267,12275,12286,12294,12289,12296,12303,12308,12312,12315,12319,12324,12329,12336,12343,12348,12356,12365,12373,12381,12386,12390,12394,12398,12400,12399,12397,12394,12389,12383,12375,12367,12358,12348,12337,12326,12315,12305,12298,12293,12291,12292,12294,12297,12300,12303,12305,12307,12307,12306,12304
12395,12393,12390,12386,12383,12379,12375,12370,12364,12357,12349,12340,12329,12317,12304,12291,12276,12261,12245,12230,12215,12201,12189,12178,12169,12163,12160,12159,12159,12161,12165,12171,12178,12186,12194,12201,12208,12214,12219,12222,12223,12223,12223,12222,12220,12220,12220,12222,12223,12226,12228,12230,12232,12235,12237,12238,12239,12241,12241,12244,12247,12249,12256,12263,12270,12270,12270,12276,12282,12286,12289,12293,12297,12302,12312,12322,12330,12338,12349,12361,12370,12375,12382,12384,12387,12391,12394,12394,12391,12388,12383,12377,12370,12362,12353,12343,12331,12320,12308,12298,12289,12284,12280,12279,12281,12283,12286,12289,12292,12293,12293,12292,12289
12392,12388,12384,12380,12376,12371,12366,12360,12354,12346,12336,12326,12314,12301,12287,12272,12257,12240,12223,12206,12190,12175,12162,12151,12143,12137,12133,12133,12133,12136,12140,12146,12153,12161,12170,12178,12185,12192,12197,12200,12202,12203,12203,12203,12203,12204,12206,12209,12212,12216,12219,12222,12226,12228,12231,12232,12234,12235,12233,12239,12236,12241,12243,12245,12250,12252,12255,12259,12264,12267,12270,12274,12278,12286,12297,12308,12318,12328,12341,12353,12369,12378,12380,12381,12380,12383,12386,12386,12384,12381,12377,12371,12364,12356,12347,12337,12326,12314,12302,12291,12282,12276,12271,12269,12269,12271,12273,12276,12278,12280,12279,12278,12275
12385,12381,12376,12372,12367,12361,12355,12349,12341,12331,12321,12310,12297,12284,12269,12253,12236,12218,12200,12182,12164,12149,12135,12125,12116,12110,12108,12107,12108,12112,12116,12123,12131,12140,12149,12157,12165,12171,12176,12180,12183,12184,12185,12186,12187,12190,12193,12197,12201,12206,12210,12214,12218,12222,12225,12227,12227,12229,12228,12229,12230,12232,12234,12233,12238,12240,12242,12244,12248,12251,12254,12258,12264,12273,12282,12293,12304,12317,12331,12344,12362,12372,12374,12375,12374,12374,12376,12377,12375,12372,12368,12363,12357,12349,12341,12331,12320,12308,12297,12286,12276,12269,12263,12260,12258,12258,12259,12261,12263,12265,12265,12263,12261
12375,12371,12365,12360,12355,12348,12342,12334,12325,12315,12304,12292,12279,12264,12248,12232,12214,12195,12175,12156,12137,12121,12108,12097,12089,12084,12081,12082,12085,12088,12094,12101,12110,12120,12130,12139,12147,12154,12160,12164,12167,12169,12170,12172,12174,12177,12181,12186,12191,12196,12201,12206,12210,12214,12217,12218,12219,12221,12221,12221,12221,12222,12224,12223,12228,12228,12231,12234,12237,12240,12243,12246,12252,12258,12267,12280,12293,12308,12322,12334,12348,12359,12362,12365,12366,12365,12364,12365,12364,12362,12358,12354,12348,12341,12333,12323,12313,12303,12291,12281,12271,12262,12255,12251,12248,12246,12246,12247,12248,12249,12249,12248,12246
12362,12356,12351,12345,12339,12332,12324,12316,12307,12296,12285,12272,12258,12243,12227,12209,12190,12171,12150,12130,12111,12094,12080,12070,12063,12059,12057,12058,12062,12067,12074,12082,12093,12103,12114,12123,12132,12139,12145,12150,12153,12155,12157,12159,12162,12166,12170,12175,12180,12185,12190,12195,12201,12203,12207,12208,12210,12211,12213,12213,12213,12216,12216,12214,12220,12221,12220,12222,12226,12229,12232,12234,12240,12247,12257,12268,12285,12299,12313,12323,12333,12342,12347,12351,12354,12355,12355,12353,12352,12350,12347,12343,12337,12331,12323,12315,12306,12296,12286,12276,12266,12257,12248,12242,12238,12235,12233,12233,12233,12233,12233,12233,12232
12344,12338,12332,12325,12318,12311,12303,12295,12285,12274,12262,12249,12235,12220,12203,12185,12165,12145,12125,12105,12085,12068,12053,12043,12036,12033,12033,12035,12039,12046,12056,12065,12077,12088,12100,12110,12119,12127,12133,12138,12141,12144,12146,12148,12151,12154,12159,12164,12169,12174,12180,12182,12189,12191,12196,12196,12198,12200,12202,12202,12204,12204,12204,12204,12211,12213,12211,12211,12215,12219,12222,12224,12228,12235,12246,12258,12271,12285,12300,12309,12318,12326,12332,12336,12339,12341,12342,12340,12339,12336,12333,12329,12324,12318,12312,12304,12297,12288,12279,12270,12261,12252,12243,12236,12230,12225,12222,12220,12219,12217,12217,12216,12215
12321,12315,12308,12301,12294,12286,12278,12270,12260,12249,12237,12224,12210,12194,12177,12159,12140,12120,12099,12079,12059,12041,12026,12015,12009,12005,12006,12011,12017,12025,12037,12050,12063,12075,12087,12098,12108,12116,12123,12128,12131,12134,12136,12138,12140,12144,12147,12152,12157,12160,12166,12169,12174,12175,12180,12181,12184,12185,12189,12190,12190,12191,12193,12194,12197,12199,12204,12202,12204,12208,12211,12214,12218,12222,12232,12245,12256,12268,12280,12292,12300,12308,12315,12319,12323,12325,12325,12324,12322,12319,12316,12313,12308,12303,12298,12292,12285,12278,12270,12262,12254,12247,12239,12231,12224,12218,12214,12210,12207,12205,12203,12201,12200
12292,12286,12279,12273,12265,12258,12250,12241,12232,12221,12209,12196,12182,12167,12150,12132,12113,12093,12073,12052,12031,12012,11997,11985,11978,11976,11980,11988,11998,12006,12020,12035,12050,12064,12077,12088,12099,12107,12114,12119,12122,12124,12126,12128,12130,12132,12135,12139,12143,12147,12150,12153,12156,12159,12161,12163,12166,12167,12172,12173,12175,12177,12179,12182,12185,12188,12190,12193,12194,12198,12202,12204,12207,12210,12217,12228,12241,12252,12263,12275,12284,12290,12296,12300,12304,12306,12306,12304,12302,12299,12296,12293,12289,12285,12281,12276,12270,12264,12258,12252,12245,12239,12232,12226,12220,12214,12208,12203,12199,12195,12192,12190,12188
12259,12252,12246,12239,12232,12225,12217,12209,12200,12190,12178,12166,12152,12138,12121,12104,12085,12065,12044,12022,12001,11981,11965,11953,11946,11946,11950,11963,11976,11988,12004,12021,12038,12053,12068,12080,12091,12099,12106,12110,12114,12116,12118,12119,12120,12122,12123,12125,12126,12130,12130,12135,12134,12139,12138,12142,12145,12146,12151,12154,12157,12160,12162,12166,12170,12173,12176,12179,12184,12186,12190,12194,12198,12202,12204,12211,12223,12236,12245,12255,12265,12273,12276,12279,12282,12283,12281,12280,12278,12276,12273,12270,12267,12263,12259,12255,12251,12246,12242,12237,12232,12227,12222,12218,12213,12208,12203,12198,12193,12189,12185,12182,12180
12218,12212,12205,12199,12193,12187,12180,12173,12164,12155,12145,12134,12121,12107,12091,12074,12055,12035,12014,11992,11971,11950,11933,11922,11915,11915,11922,11936,11955,11971,11989,12009,12027,12044,12059,12073,12083,12092,12098,12103,12106,12108,12110,12110,12110,12110,12110,12109,12109,12109,12108,12111,12110,12115,12112,12115,12119,12121,12125,12131,12133,12139,12141,12146,12151,12156,12160,12164,12169,12176,12179,12179,12182,12187,12192,12197,12204,12213,12224,12233,12242,12247,12251,12253,12255,12258,12256,12252,12249,12246,12244,12241,12239,12236,12233,12230,12227,12224,12221,12218,12215,12212,12209,12205,12202,12199,12196,12193,12189,12185,12182,12179,12176
12168,12163,12158,12153,12148,12143,12138,12132,12125,12118,12109,12099,12088,12075,12060,12043,12025,12005,11984,11962,11940,11920,11903,11891,11885,11885,11895,11912,11934,11955,11975,11998,12018,12036,12052,12066,12077,12085,12091,12095,12098,12100,12101,12100,12100,12098,12097,12093,12093,12089,12088,12087,12085,12088,12085,12089,12090,12093,12096,12103,12105,12114,12116,12122,12128,12134,12139,12145,12151,12159,12162,12165,12169,12171,12176,12182,12188,12193,12200,12209,12217,12223,12226,12228,12229,12228,12227,12225,12222,12218,12214,12210,12207,12204,12201,12199,12197,12195,12194,12192,12191,12190,12189,12188,12187,12185,12184,12182,12181,12179,12177,12175,12173
12111,12107,12103,12099,12096,12093,12089,12086,12082,12077,12071,12063,12052,12040,12027,12011,11994,11975,11954,11932,11911,11892,11876,11865,11859,11860,11870,11893,11918,11941,11964,11988,12010,12029,12046,12059,12070,12078,12084,12088,12090,12091,12091,12089,12087,12084,12080,12075,12073,12064,12067,12062,12061,12063,12057,12062,12059,12067,12064,12075,12074,12088,12089,12096,12103,12110,12116,12122,12128,12137,12143,12147,12151,12153,12159,12164,12168,12170,12172,12179,12184,12189,12191,12193,12193,12193,12190,12187,12184,12180,12176,12173,12170,12168,12166,12165,12164,12163,12162,12162,12162,12163,12164,12165,12165,12166,12167,12167,12167,12167,12167,12166,12165
12045,12041,12038,12036,12036,12036,12036,12036,12036,12033,12029,12023,12015,12004,11992,11978,11962,11943,11924,11904,11884,11866,11851,11842,11837,11840,11851,11875,11906,11933,11955,11980,12003,12022,12040,12053,12064,12072,12077,12080,12081,12081,12079,12076,12071,12066,12060,12053,12048,12037,12038,12031,12031,12027,12027,12029,12026,12036,12027,12044,12041,12058,12058,12067,12073,12082,12089,12097,12104,12111,12116,12121,12128,12133,12137,12141,12143,12146,12149,12150,12154,12154,12158,12158,12157,12155,12152,12148,12144,12139,12133,12129,12126,12123,12121,12119,12119,12119,12121,12122,12125,12128,12132,12135,12138,12141,12143,12146,12149,12150,12152,12152,12152
11969,11967,11966,11968,11971,11975,11980,11983,11986,11987,11985,11982,11976,11968,11957,11945,11930,11913,11895,11877,11859,11843,11830,11823,11820,11825,11838,11862,11895,11925,11948,11973,11996,12017,12034,12048,12058,12065,12069,12071,12071,12069,12065,12059,12053,12043,12034,12026,12016,12008,12004,11995,11994,11989,11990,11989,11989,11997,11992,12005,12005,12024,12025,12034,12042,12051,12059,12067,12076,12085,12093,12098,12102,12106,12111,12115,12118,12120,12121,12122,12121,12120,12120,12118,12115,12112,12108,12103,12098,12092,12086,12080,12075,12072,12070,12069,12070,12071,12074,12077,12082,12086,12092,12098,12103,12109,12114,12119,12124,12128,12131,12134,12135
11890,11892,11895,11900,11907,11914,11921,11928,11933,11937,11940,11940,11938,11933,11924,11913,11899,11884,11867,11851,11836,11822,11812,11806,11806,11813,11830,11854,11887,11920,11943,11967,11991,12011,12029,12042,12052,12058,12061,12062,12060,12056,12050,12041,12030,12017,12005,11994,11981,11972,11965,11955,11954,11947,11946,11949,11947,11950,11954,11960,11963,11983,11987,11998,12006,12016,12026,12034,12043,12052,12061,12067,12073,12078,12082,12084,12086,12088,12089,12090,12087,12088,12081,12079,12074,12068,12062,12055,12048,12041,12034,12027,12021,12017,12014,12013,12014,12016,12020,12026,12032,12039,12046,12054,12062,12070,12078,12085,12092,12099,12104,12109,12112
11815,11820,11827,11836,11845,11856,11866,11875,11885,11892,11898,11901,11901,11898,11891,11881,11869,11856,11841,11827,11814,11803,11796,11793,11796,11805,11823,11850,11880,11916,11939,11962,11987,12007,12023,12036,12045,12050,12052,12051,12048,12041,12032,12019,12006,11989,11970,11958,11945,11935,11926,11916,11914,11908,11906,11909,11907,11910,11912,11918,11922,11940,11945,11956,11966,11978,11989,11999,12008,12018,12026,12033,12039,12045,12048,12051,12051,12051,12051,12050,12048,12044,12040,12035,12027,12019,12011,12002,11993,11984,11975,11967,11961,11956,11952,11951,11952,11955,11959,11966,11974,11983,11993,12004,12014,12025,12035,12045,12054,12063,12071,12077,12082
11745,11753,11763,11775,11787,11801,11814,11827,11840,11850,11858,11863,11864,11863,11859,11851,11840,11828,11816,11804,11794,11786,11781,11781,11787,11798,11819,11846,11875,11910,11936,11959,11983,12003,12017,12030,12037,12041,12042,12039,12034,12024,12011,11995,11976,11955,11938,11925,11912,11902,11892,11886,11881,11875,11874,11872,11871,11874,11874,11878,11885,11897,11904,11914,11924,11936,11948,11960,11970,11980,11989,11997,12003,12007,12011,12013,12013,12012,12010,12008,12005,11998,11993,11984,11976,11966,11956,11945,11934,11923,11914,11905,11897,11891,11886,11884,11884,11887,11892,11899,11908,11919,11931,11944,11958,11972,11985,11999,12011,12022,12032,12040,12047
11684,11694,11705,11719,11733,11748,11763,11779,11794,11807,11816,11823,11827,11828,11826,11820,11812,11801,11791,11781,11774,11769,11767,11770,11779,11793,11816,11843,11873,11906,11933,11956,11979,11998,12012,12022,12029,12031,12030,12026,12017,12005,11988,11969,11946,11928,11910,11896,11884,11874,11866,11858,11853,11848,11845,11842,11839,11840,11842,11844,11850,11857,11865,11875,11886,11898,11910,11920,11931,11941,11950,11958,11964,11968,11971,11971,11971,11970,11967,11963,11957,11950,11941,11932,11919,11909,11895,11883,11869,11855,11842,11832,11823,11816,11811,11808,11809,11811,11817,11826,11837,11850,11864,11879,11895,11911,11928,11944,11960,11974,11987,11998,12007
11631,11641,11654,11669,11685,11701,11718,11734,11749,11762,11773,11783,11790,11793,11792,11789,11783,11775,11766,11759,11755,11753,11754,11760,11771,11789,11813,11841,11871,11903,11930,11953,11975,11993,12006,12014,12020,12020,12017,12010,11999,11983,11964,11942,11921,11903,11885,11872,11860,11851,11841,11836,11828,11823,11818,11816,11813,11810,11812,11812,11817,11823,11831,11840,11850,11861,11872,11883,11893,11903,11911,11918,11924,11928,11931,11930,11929,11926,11922,11915,11907,11896,11886,11873,11860,11843,11829,11813,11799,11783,11767,11754,11744,11736,11730,11728,11728,11731,11737,11746,11759,11774,11791,11809,11828,11848,11867,11886,11905,11922,11937,11951,11962
11584,11596,11610,11626,11642,11660,11677,11694,11710,11724,11736,11746,11754,11759,11760,11758,11754,11748,11743,11738,11737,11737,11742,11751,11764,11784,11810,11839,11870,11900,11927,11950,11970,11987,11999,12006,12009,12008,12003,11993,11979,11962,11941,11919,11898,11881,11865,11852,11839,11829,11820,11814,11807,11802,11797,11792,11791,11786,11787,11786,11790,11794,11801,11808,11817,11827,11837,11846,11856,11865,11872,11878,11883,11886,11889,11887,11885,11879,11874,11865,11855,11843,11830,11815,11800,11783,11767,11750,11733,11717,11702,11685,11673,11663,11657,11654,11653,11655,11661,11671,11684,11700,11718,11738,11759,11781,11803,11825,11846,11866,11885,11901,11914
11548,11560,11574,11589,11606,11624,11642,11659,11675,11689,11702,11712,11720,11725,11728,11729,11726,11723,11720,11719,11719,11723,11730,11742,11758,11780,11808,11838,11869,11898,11924,11946,11966,11981,11991,11997,11998,11995,11987,11975,11960,11940,11919,11898,11879,11861,11846,11831,11821,11812,11804,11795,11790,11783,11779,11774,11770,11767,11767,11766,11767,11770,11774,11781,11788,11796,11805,11813,11822,11829,11835,11840,11843,11845,11845,11844,11839,11833,11826,11816,11805,11791,11777,11761,11745,11728,11711,11692,11675,11656,11641,11624,11610,11600,11592,11588,11586,11588,11593,11603,11616,11632,11651,11671,11693,11716,11740,11764,11787,11809,11830,11848,11863
11520,11532,11545,11560,11576,11594,11611,11627,11643,11658,11670,11680,11688,11694,11698,11700,11700,11699,11699,11700,11704,11710,11720,11734,11752,11777,11806,11836,11867,11896,11921,11942,11960,11974,11982,11987,11986,11980,11971,11958,11940,11920,11899,11879,11861,11844,11830,11816,11807,11796,11788,11781,11776,11769,11765,11760,11755,11752,11750,11747,11748,11750,11753,11757,11763,11769,11776,11782,11789,11794,11799,11802,11805,11806,11804,11801,11796,11788,11779,11768,11756,11742,11727,11711,11694,11676,11657,11639,11621,11602,11585,11569,11555,11543,11533,11529,11527,11529,11534,11543,11555,11570,11589,11609,11631,11655,11680,11705,11730,11753,11775,11794,11811
11501,11512,11524,11539,11554,11570,11586,11602,11617,11630,11642,11652,11659,11665,11670,11673,11675,11677,11679,11683,11689,11698,11710,11727,11748,11774,11804,11835,11866,11894,11917,11937,11954,11966,11973,11976,11972,11965,11955,11940,11922,11902,11882,11863,11845,11830,11815,11802,11794,11784,11777,11770,11764,11759,11753,11749,11744,11740,11736,11734,11733,11734,11735,11738,11742,11746,11751,11755,11760,11763,11766,11768,11768,11767,11764,11759,11754,11744,11735,11723,11711,11696,11681,11665,11647,11629,11610,11590,11571,11554,11536,11520,11505,11494,11483,11478,11476,11477,11482,11491,11502,11518,11535,11553,11575,11598,11623,11648,11674,11698,11721,11742,11759
11487,11498,11510,11523,11537,11552,11567,11582,11595,11607,11618,11627,11634,11640,11644,11649,11653,11657,11662,11669,11678,11689,11704,11723,11745,11773,11803,11834,11864,11892,11913,11932,11947,11957,11962,11963,11958,11950,11938,11922,11904,11885,11867,11849,11832,11817,11803,11793,11784,11774,11767,11761,11755,11751,11745,11740,11736,11731,11727,11724,11722,11721,11721,11722,11724,11726,11729,11730,11733,11734,11734,11734,11733,11730,11726,11720,11713,11703,11693,11681,11668,11654,11638,11622,11604,11587,11567,11548,11528,11511,11491,11475,11460,11448,11439,11433,11431,11433,11438,11447,11458,11472,11489,11507,11526,11549,11572,11597,11622,11646,11669,11690,11709
11480,11490,11501,11513,11526,11539,11553,11566,11578,11589,11598,11606,11612,11618,11624,11630,11635,11642,11649,11658,11669,11683,11700,11720,11744,11772,11803,11833,11862,11889,11909,11926,11938,11947,11950,11949,11944,11935,11922,11906,11889,11871,11853,11837,11821,11808,11796,11785,11776,11768,11761,11755,11750,11744,11740,11735,11730,11725,11720,11716,11714,11711,11710,11709,11709,11708,11708,11707,11707,11706,11704,11701,11698,11694,11688,11681,11673,11664,11653,11641,11629,11615,11601,11585,11568,11550,11532,11511,11491,11472,11454,11437,11423,11411,11402,11397,11395,11398,11403,11413,11426,11441,11454,11469,11486,11506,11528,11552,11576,11599,11622,11642,11661
11478,11488,11497,11508,11519,11531,11543,11554,11564,11573,11581,11588,11595,11601,11608,11615,11622,11631,11640,11651,11664,11680,11698,11720,11745,11773,11803,11832,11861,11886,11904,11918,11929,11935,11937,11934,11929,11919,11906,11891,11875,11858,11843,11827,11812,11798,11788,11781,11772,11764,11757,11752,11746,11742,11737,11732,11726,11721,11716,11711,11707,11703,11700,11697,11695,11693,11691,11688,11685,11681,11677,11673,11667,11662,11655,11647,11638,11629,11618,11606,11595,11582,11568,11553,11537,11518,11499,11479,11459,11439,11422,11405,11392,11381,11374,11370,11369,11371,11377,11387,11398,11414,11430,11442,11457,11474,11493,11514,11536,11558,11579,11599,11617
11482,11489,11498,11507,11516,11526,11536,11545,11553,11561,11568,11575,11582,11589,11597,11605,11614,11624,11635,11647,11662,11680,11699,11722,11747,11775,11803,11832,11860,11882,11897,11909,11918,11922,11923,11920,11913,11904,11891,11877,11862,11847,11833,11817,11806,11796,11786,11777,11770,11762,11757,11751,11746,11741,11736,11730,11724,11718,11712,11707,11701,11696,11691,11686,11682,11677,11672,11667,11661,11655,11649,11643,11637,11630,11622,11614,11606,11597,11587,11578,11566,11554,11541,11526,11510,11492,11473,11452,11433,11413,11396,11380,11368,11358,11352,11349,11349,11353,11359,11368,11380,11393,11408,11423,11436,11450,11467,11486,11505,11524,11544,11562,11579
11487,11494,11500,11508,11515,11523,11531,11538,11545,11552,11559,11566,11574,11582,11591,11600,11610,11621,11634,11648,11665,11683,11704,11727,11751,11778,11805,11832,11858,11876,11889,11900,11907,11910,11910,11906,11899,11889,11878,11865,11852,11838,11824,11813,11801,11791,11784,11777,11770,11764,11757,11752,11747,11742,11736,11730,11723,11716,11709,11703,11696,11689,11683,11676,11669,11663,11655,11648,11640,11632,11625,11617,11610,11603,11595,11587,11579,11571,11562,11553,11542,11532,11519,11504,11488,11470,11451,11431,11412,11394,11377,11362,11351,11342,11337,11335,11336,11340,11346,11355,11366,11379,11392,11407,11420,11432,11447,11463,11479,11497,11514,11531,11546
11494,11499,11504,11510,11516,11522,11528,11534,11541,11548,11555,11563,11571,11580,11589,11600,11611,11623,11637,11653,11670,11689,11710,11733,11757,11782,11808,11833,11854,11868,11880,11890,11895,11897,11896,11892,11885,11875,11865,11854,11842,11830,11818,11807,11798,11791,11784,11777,11770,11764,11759,11753,11747,11741,11735,11728,11721,11713,11705,11697,11690,11682,11674,11665,11656,11648,11639,11630,11621,11613,11605,11597,11589,11582,11575,11567,11560,11552,11544,11535,11524,11513,11500,11486,11470,11453,11434,11416,11397,11379,11364,11350,11340,11332,11327,11326,11327,11331,11339,11348,11358,11369,11381,11394,11408,11420,11432,11445,11460,11475,11490,11505,11519
11500,11504,11507,11511,11516,11521,11527,11533,11540,11548,11556,11564,11573,11583,11593,11604,11616,11630,11645,11661,11679,11698,11719,11740,11764,11788,11812,11832,11847,11860,11872,11880,11884,11885,11883,11878,11871,11863,11854,11844,11833,11823,11813,11804,11797,11790,11784,11777,11771,11765,11759,11752,11746,11739,11732,11724,11716,11707,11699,11690,11681,11672,11663,11653,11643,11633,11623,11614,11604,11596,11588,11580,11573,11565,11558,11551,11543,11536,11527,11518,11508,11498,11486,11472,11457,11440,11422,11404,11387,11371,11357,11345,11335,11328,11324,11322,11324,11328,11335,11344,11353,11364,11374,11385,11397,11409,11421,11432,11445,11457,11470,11483,11496
11504,11507,11510,11514,11518,11523,11529,11536,11544,11552,11561,11570,11579,11589,11600,11613,11626,11641,11656,11673,11690,11709,11729,11750,11771,11793,11813,11829,11842,11855,11864,11870,11873,11873,11870,11865,11859,11852,11843,11834,11825,11816,11809,11801,11795,11788,11782,11776,11770,11763,11757,11749,11741,11734,11725,11717,11708,11698,11689,11679,11670,11660,11650,11640,11629,11619,11608,11599,11589,11581,11573,11565,11558,11551,11544,11537,11529,11521,11513,11505,11495,11486,11474,11461,11447,11431,11415,11398,11382,11368,11355,11343,11335,11328,11324,11323,11325,11328,11334,11342,11350,11360,11369,11379,11389,11400,11410,11421,11433,11444,11456,11467,11478
11510,11512,11515,11519,11523,11529,11536,11544,11552,11561,11570,11579,11589,11600,11613,11626,11640,11654,11671,11687,11704,11722,11741,11760,11779,11797,11813,11826,11839,11849,11856,11860,11862,11861,11858,11853,11848,11841,11834,11826,11818,11810,11803,11797,11791,11784,11779,11772,11766,11758,11750,11742,11734,11725,11715,11706,11696,11686,11676,11666,11656,11645,11635,11624,11614,11603,11593,11583,11575,11566,11559,11551,11544,11537,11530,11523,11516,11508,11501,11494,11485,11476,11466,11454,11441,11426,11411,11396,11381,11368,11357,11346,11339,11332,11329,11327,11328,11331,11336,11343,11350,11359,11367,11376,11385,11394,11404,11414,11424,11433,11443,11453,11462
11516,11519,11524,11529,11535,11541,11549,11557,11565,11574,11583,11594,11605,11617,11630,11644,11658,11672,11687,11703,11720,11737,11754,11770,11786,11800,11814,11826,11836,11843,11848,11851,11851,11850,11847,11843,11838,11831,11824,11817,11810,11804,11798,11792,11786,11779,11772,11766,11758,11750,11741,11732,11722,11712,11702,11692,11681,11671,11660,11650,11639,11629,11618,11608,11598,11588,11578,11569,11560,11553,11545,11538,11531,11525,11518,11511,11505,11498,11492,11485,11478,11469,11460,11449,11437,11424,11410,11397,11384,11372,11361,11351,11345,11339,11336,11334,11335,11337,11340,11346,11352,11359,11367,11375,11383,11391,11399,11408,11416,11425,11433,11441,11449
11530,11534,11538,11544,11550,11557,11565,11573,11582,11591,11602,11613,11625,11637,11650,11663,11677,11691,11707,11721,11736,11751,11766,11779,11792,11804,11815,11825,11832,11838,11841,11842,11842,11839,11836,11833,11828,11822,11816,11809,11803,11797,11790,11785,11777,11771,11764,11756,11747,11738,11728,11718,11707,11696,11686,11675,11664,11653,11642,11632,11621,11610,11600,11590,11581,11571,11562,11554,11546,11539,11532,11526,11519,11513,11507,11501,11495,11490,11484,11478,11472,11464,11456,11446,11435,11424,11412,11400,11389,11378,11369,11360,11354,11347,11345,11343,11342,11344,11347,11351,11356,11362,11368,11375,11382,11389,11397,11404,11411,11418,11425,11431,11438
11548,11553,11558,11564,11570,11578,11586,11594,11604,11614,11625,11636,11648,11660,11672,11685,11699,11712,11726,11738,11751,11762,11774,11786,11797,11807,11816,11823,11828,11832,11834,11834,11833,11830,11827,11823,11818,11813,11808,11802,11796,11790,11784,11777,11770,11762,11754,11744,11734,11723,11712,11701,11690,11678,11667,11655,11644,11632,11622,11611,11601,11591,11581,11572,11563,11554,11546,11539,11532,11525,11519,11513,11508,11502,11497,11492,11487,11483,11478,11473,11467,11460,11453,11445,11435,11425,11415,11405,11395,11385,11377,11369,11364,11358,11356,11354,11353,11354,11355,11358,11362,11366,11372,11377,11383,11389,11395,11401,11406,11412,11417,11423,11428
11571,11576,11582,11588,11595,11603,11611,11620,11630,11640,11650,11661,11672,11683,11696,11707,11720,11731,11742,11753,11763,11772,11782,11792,11801,11809,11816,11821,11824,11826,11827,11826,11824,11821,11818,11814,11810,11805,11800,11794,11788,11781,11774,11767,11759,11750,11740,11729,11717,11706,11694,11682,11670,11658,11647,11633,11623,11611,11600,11590,11580,11570,11561,11552,11544,11536,11529,11523,11517,11511,11506,11502,11497,11492,11488,11484,11480,11476,11472,11468,11463,11457,11450,11443,11435,11427,11419,11410,11402,11394,11386,11379,11374,11370,11367,11364,11364,11364,11365,11366,11369,11373,11377,11381,11385,11389,11394,11399,11403,11407,11411,11415,11419
11598,11603,11610,11617,11624,11632,11640,11649,11658,11667,11677,11688,11698,11709,11720,11731,11740,11749,11757,11766,11773,11781,11789,11797,11804,11810,11814,11818,11820,11821,11820,11819,11817,11814,11811,11807,11803,11798,11792,11786,11780,11773,11765,11755,11746,11736,11724,11712,11700,11688,11675,11662,11649,11636,11624,11612,11600,11589,11578,11568,11558,11549,11540,11533,11525,11519,11513,11507,11502,11498,11494,11490,11486,11483,11479,11476,11473,11470,11466,11463,11459,11454,11449,11443,11437,11429,11422,11414,11407,11401,11395,11389,11384,11380,11378,11375,11374,11374,11374,11376,11377,11380,11382,11385,11388,11392,11394,11397,11401,11403,11406,11410,11413
11627,11634,11640,11647,11654,11662,11670,11678,11687,11695,11705,11714,11723,11731,11739,11748,11756,11764,11771,11778,11783,11790,11795,11801,11806,11810,11813,11815,11816,11815,11815,11813,11811,11808,11805,11801,11796,11791,11784,11777,11770,11760,11752,11742,11732,11719,11706,11693,11680,11667,11654,11641,11627,11614,11602,11590,11578,11567,11556,11546,11537,11528,11520,11513,11507,11502,11497,11492,11489,11485,11482,11479,11476,11473,11471,11468,11466,11463,11461,11458,11454,11451,11446,11441,11436,11430,11425,11419,11413,11407,11402,11397,11393,11389,11386,11385,11384,11383,11383,11384,11385,11386,11388,11390,11391,11394,11395,11397,11400,11400,11404,11405,11408
11659,11665,11671,11678,11685,11692,11699,11707,11714,11721,11729,11736,11744,11751,11758,11765,11771,11776,11782,11787,11792,11797,11801,11805,11808,11810,11811,11812,11812,11812,11811,11808,11806,11803,11798,11794,11788,11781,11774,11766,11758,11749,11738,11726,11714,11702,11688,11674,11661,11647,11633,11620,11606,11593,11580,11568,11556,11545,11534,11525,11516,11508,11501,11495,11490,11485,11481,11478,11475,11472,11470,11468,11466,11464,11462,11460,11458,11456,11454,11452,11449,11446,11443,11439,11435,11431,11426,11421,11416,11411,11407,11403,11399,11396,11394,11392,11391,11391,11390,11391,11392,11392,11393,11394,11395,11396,11396,11397,11399,11398,11402,11402,11404
11690,11695,11701,11707,11713,11719,11725,11732,11738,11744,11750,11756,11762,11767,11772,11777,11782,11787,11791,11795,11799,11802,11805,11807,11809,11809,11810,11810,11809,11808,11806,11803,11800,11796,11791,11785,11779,11771,11763,11755,11743,11734,11722,11710,11697,11683,11668,11654,11640,11626,11612,11598,11585,11572,11559,11547,11535,11524,11514,11505,11497,11490,11484,11478,11474,11470,11467,11464,11462,11460,11458,11457,11455,11454,11453,11451,11450,11449,11447,11445,11443,11441,11439,11436,11432,11429,11426,11422,11418,11414,11411,11407,11404,11402,11400,11399,11397,11397,11397,11397,11397,11397,11398,11398,11397,11398,11397,11397,11398,11396,11399,11399,11400
11716,11721,11726,11731,11737,11742,11747,11753,11758,11763,11767,11772,11776,11780,11784,11788,11792,11795,11798,11801,11803,11805,11807,11808,11808,11808,11808,11807,11805,11803,11800,11796,11792,11787,11781,11774,11766,11757,11748,11738,11728,11716,11703,11690,11677,11664,11649,11635,11621,11606,11592,11578,11564,11550,11538,11526,11515,11505,11495,11486,11479,11473,11467,11462,11459,11455,11453,11451,11449,11448,11447,11446,11445,11444,11443,11442,11442,11441,11440,11438,11437,11435,11433,11431,11429,11426,11423,11421,11418,11415,11412,11409,11407,11405,11404,11403,11402,11402,11401,11401,11401,11401,11401,11400,11400,11399,11398,11398,11397,11396,11396,11396,11397
11739,11743,11748,11752,11757,11761,11765,11769,11773,11777,11781,11784,11788,11791,11794,11796,11799,11801,11803,11805,11806,11807,11807,11807,11806,11805,11803,11801,11798,11795,11791,11786,11781,11775,11768,11760,11752,11743,11733,11722,11710,11698,11686,11673,11658,11643,11630,11615,11601,11587,11573,11559,11546,11532,11520,11508,11497,11487,11478,11470,11463,11457,11452,11448,11444,11442,11439,11438,11437,11436,11435,11435,11434,11434,11434,11433,11433,11432,11432,11431,11430,11428,11427,11425,11423,11422,11420,11418,11416,11414,11413,11411,11409,11408,11407,11406,11405,11405,11405,11405,11404,11404,11404,11403,11402,11401,11400,11399,11398,11396,11395,11395,11395
11758,11761,11765,11770,11774,11777,11781,11784,11787,11790,11792,11795,11797,11799,11801,11803,11804,11805,11805,11805,11805,11804,11804,11802,11801,11799,11796,11793,11789,11785,11780,11774,11769,11762,11754,11746,11736,11726,11715,11704,11692,11679,11665,11651,11638,11624,11610,11596,11582,11567,11554,11540,11527,11513,11502,11491,11481,11471,11463,11455,11448,11442,11437,11433,11430,11428,11426,11425,11425,11424,11424,11424,11424,11424,11424,11424,11424,11424,11424,11423,11423,11422,11421,11419,11418,11416,11415,11414,11413,11412,11411,11409,11409,11408,11408,11408,11408,11408,11408,11408,11408,11408,11407,11406,11405,11404,11403,11401,11399,11397,11396,11395,11394
11773,11777,11780,11783,11786,11789,11792,11794,11797,11799,11800,11802,11803,11804,11805,11805,11805,11805,11804,11804,11802,11801,11799,11797,11794,11790,11786,11782,11777,11772,11766,11760,11753,11746,11737,11729,11719,11708,11698,11685,11673,11660,11647,11634,11620,11607,11593,11578,11565,11551,11536,11524,11511,11500,11488,11477,11467,11457,11449,11442,11435,11429,11424,11421,11417,11415,11414,11413,11412,11412,11413,11413,11414,11415,11415,11415,11415,11416,11416,11416,11415,11415,11414,11413,11412,11411,11409,11409,11408,11408,11407,11407,11407,11407,11407,11408,11408,11409,11410,11410,11410,11411,11411,11410,11409,11408,11406,11404,11401,11399,11398,11396,11395
11784,11787,11789,11792,11794,11796,11798,11800,11801,11802,11803,11804,11804,11804,11803,11803,11802,11800,11799,11796,11794,11791,11788,11785,11781,11777,11773,11769,11763,11758,11751,11744,11736,11728,11720,11710,11700,11689,11678,11666,11654,11641,11628,11615,11601,11587,11574,11560,11546,11533,11520,11507,11495,11482,11472,11462,11452,11443,11435,11428,11422,11416,11412,11408,11405,11403,11401,11401,11400,11401,11401,11402,11404,11405,11406,11407,11407,11408,11408,11408,11408,11408,11407,11406,11405,11404,11403,11403,11402,11402,11402,11403,11403,11404,11405,11406,11407,11408,11409,11410,11411,11412,11412,11412,11411,11410,11409,11407,11404,11402,11400,11399,11397
11790,11792,11794,11796,11797,11798,11799,11800,11801,11801,11801,11800,11800,11799,11797,11796,11794,11792,11790,11787,11784,11781,11777,11773,11769,11763,11758,11752,11746,11740,11733,11726,11718,11710,11701,11691,11681,11671,11659,11648,11635,11623,11610,11598,11585,11572,11559,11545,11532,11519,11505,11492,11481,11471,11460,11450,11440,11431,11424,11416,11410,11405,11400,11397,11394,11391,11390,11389,11389,11389,11390,11391,11393,11395,11396,11398,11399,11400,11400,11400,11400,11400,11400,11399,11398,11397,11396,11396,11395,11395,11395,11396,11397,11398,11399,11401,11402,11404,11405,11407,11408,11409,11410,11410,11410,11410,11410,11408,11406,11405,11403,11401,11400
11791,11792,11793,11794,11795,11796,11796,11796,11796,11795,11794,11793,11792,11790,11788,11786,11783,11780,11777,11774,11770,11766,11761,11757,11752,11747,11741,11735,11729,11723,11715,11708,11700,11691,11682,11672,11661,11651,11640,11629,11617,11605,11593,11580,11567,11555,11542,11529,11516,11503,11492,11480,11468,11457,11447,11437,11428,11419,11412,11405,11400,11394,11390,11386,11383,11381,11380,11379,11378,11379,11379,11380,11382,11383,11385,11387,11388,11390,11390,11391,11391,11391,11391,11391,11390,11390,11389,11388,11388,11388,11387,11388,11388,11390,11391,11393,11394,11396,11398,11400,11401,11403,11405,11405,11406,11407,11407,11407,11406,11405,11404,11403,11401
11789,11789,11789,11789,11789,11789,11788,11787,11786,11785,11783,11781,11779,11777,11774,11771,11768,11765,11761,11757,11753,11749,11744,11739,11734,11728,11722,11716,11709,11703,11695,11688,11680,11671,11662,11653,11643,11633,11622,11611,11600,11589,11577,11565,11553,11540,11528,11516,11503,11491,11479,11468,11457,11446,11436,11427,11418,11410,11403,11396,11390,11385,11381,11377,11374,11372,11370,11369,11368,11369,11369,11370,11371,11373,11375,11376,11377,11379,11380,11381,11381,11382,11382,11382,11381,11381,11380,11380,11379,11378,11378,11378,11378,11379,11380,11381,11383,11385,11387,11389,11392,11393,11395,11397,11398,11400,11401,11402,11402,11402,11402,11401,11401
11782,11782,11782,11781,11780,11779,11777,11776,11774,11772,11769,11767,11764,11761,11758,11754,11751,11747,11743,11739,11734,11730,11725,11720,11714,11709,11703,11697,11690,11684,11676,11669,11661,11652,11644,11634,11625,11615,11605,11594,11584,11573,11561,11550,11538,11526,11514,11502,11490,11479,11468,11457,11446,11436,11426,11417,11409,11401,11394,11387,11382,11377,11372,11369,11366,11363,11361,11360,11359,11359,11359,11360,11361,11362,11363,11365,11366,11367,11369,11369,11370,11371,11371,11371,11371,11370,11370,11369,11369,11368,11367,11367,11367,11367,11368,11369,11370,11372,11374,11376,11378,11381,11383,11385,11387,11389,11391,11393,11395,11396,11396,11397,11398
11771,11770,11769,11768,11766,11764,11762,11760,11758,11755,11752,11749,11746,11743,11739,11736,11732,11728,11724,11719,11715,11710,11705,11700,11695,11689,11683,11677,11671,11664,11657,11650,11642,11634,11625,11616,11607,11598,11589,11579,11568,11558,11547,11536,11525,11513,11502,11491,11480,11469,11458,11448,11438,11428,11419,11410,11402,11394,11387,11381,11375,11370,11365,11362,11358,11356,11354,11351,11350,11349,11349,11349,11350,11351,11352,11353,11354,11355,11356,11357,11357,11358,11358,11358,11358,11358,11357,11356,11356,11355,11355,11354,11354,11354,11354,11355,11356,11357,11359,11360,11362,11365,11367,11370,11373,11375,11378,11380,11383,11384,11386,11388,11390
11756,11754,11753,11751,11749,11747,11744,11742,11739,11736,11733,11729,11726,11722,11719,11715,11711,11708,11703,11699,11695,11690,11686,11681,11676,11670,11664,11658,11652,11645,11638,11631,11624,11616,11608,11599,11591,11582,11573,11564,11554,11544,11534,11523,11512,11502,11491,11480,11470,11459,11449,11439,11429,11420,11411,11403,11395,11387,11381,11375,11369,11364,11359,11355,11352,11349,11347,11344,11342,11341,11340,11340,11340,11341,11341,11342,11342,11343,11343,11344,11344,11344,11345,11345,11345,11344,11344,11343,11343,11342,11342,11341,11341,11341,11341,11341,11342,11343,11344,11346,11347,11350,11352,11354,11357,11360,11363,11366,11369,11371,11374,11376,11379
11736,11734,11732,11730,11728,11726,11723,11720,11717,11715,11712,11708,11705,11702,11699,11695,11692,11688,11684,11680,11676,11671,11667,11662,11656,11651,11645,11640,11634,11627,11621,11614,11607,11599,11592,11584,11576,11568,11559,11550,11540,11531,11521,11511,11501,11491,11481,11471,11461,11451,11441,11432,11423,11415,11406,11398,11390,11383,11376,11370,11364,11359,11354,11350,11346,11343,11340,11338,11336,11335,11333,11332,11332,11332,11331,11331,11331,11331,11331,11331,11331,11331,11331,11331,11331,11330,11330,11330,11329,11329,11328,11328,11328,11328,11328,11328,11328,11329,11330,11331,11333,11334,11336,11339,11341,11344,11347,11350,11353,11356,11359,11362,11366
11714,11712,11710,11708,11706,11703,11701,11699,11696,11694,11691,11688,11685,11682,11679,11676,11672,11669,11665,11661,11657,11652,11648,11643,11638,11633,11628,11622,11616,11610,11604,11598,11591,11584,11577,11569,11562,11553,11545,11536,11527,11518,11509,11500,11490,11481,11471,11462,11452,11443,11434,11425,11416,11408,11400,11392,11385,11378,11371,11365,11359,11354,11349,11345,11341,11338,11335,11332,11330,11329,11327,11326,11324,11323,11322,11321,11320,11320,11320,11319,11319,11319,11318,11318,11318,11318,11317,11317,11316,11316,11316,11315,11315,11315,11315,11315,11315,11316,11317,11318,11320,11321,11323,11325,11328,11330,11333,11336,11339,11342,11346,11349,11352
11693,11692,11690,11688,11686,11684,11682,11679,11677,11675,11672,11669,11667,11664,11661,11657,11654,11651,11647,11643,11639,11635,11631,11626,11622,11617,11612,11606,11601,11595,11589,11583,11576,11570,11563,11555,11548,11540,11532,11524,11515,11507,11498,11489,11480,11471,11462,11453,11445,11436,11427,11419,11411,11403,11395,11388,11381,11374,11367,11361,11356,11350,11345,11341,11337,11333,11330,11326,11323,11321,11319,11317,11316,11314,11313,11312,11311,11310,11309,11308,11307,11307,11306,11306,11305,11304,11304,11304,11303,11303,11302,11302,11302,11302,11302,11302,11303,11303,11304,11305,11306,11308,11309,11311,11314,11316,11319,11321,11324,11327,11331,11334,11337
11674,11673,11671,11670,11668,11666,11664,11662,11660,11657,11655,11652,11650,11647,11644,11641,11638,11634,11630,11627,11623,11619,11615,11610,11606,11601,11596,11591,11586,11580,11574,11568,11562,11555,11549,11542,11534,11527,11519,11511,11503,11495,11487,11479,11471,11462,11454,11445,11437,11429,11421,11413,11405,11398,11390,11383,11376,11370,11364,11358,11352,11347,11342,11337,11333,11329,11325,11322,11319,11316,11313,11311,11309,11307,11305,11303,11302,11301,11299,11298,11298,11297,11296,11295,11295,11294,11294,11293,11292,11292,11292,11292,11291,11291,11292,11292,11292,11293,11294,11295,11296,11297,11299,11301,11303,11304,11307,11309,11312,11315,11317,11320,11323
11659,11657,11655,11654,11652,11650,11648,11646,11644,11641,11639,11636,11633,11630,11627,11624,11621,11618,11615,11611,11607,11603,11599,11595,11591,11586,11581,11576,11571,11565,11560,11554,11548,11541,11535,11528,11521,11514,11507,11499,11492,11484,11477,11469,11461,11453,11446,11438,11430,11422,11415,11407,11400,11393,11386,11379,11372,11366,11360,11354,11349,11343,11338,11334,11329,11325,11321,11317,11314,11311,11308,11305,11302,11300,11298,11296,11294,11292,11291,11289,11288,11287,11286,11285,11284,11283,11282,11282,11281,11281,11281,11280,11280,11280,11280,11281,11281,11282,11283,11283,11284,11285,11287,11288,11290,11292,11294,11296,11298,11300,11302,11305,11308
11642,11641,11639,11638,11636,11634,11632,11630,11628,11625,11623,11620,11618,11615,11612,11609,11606,11602,11599,11595,11591,11587,11583,11579,11574,11570,11565,11560,11555,11550,11544,11538,11533,11527,11520,11514,11508,11501,11494,11487,11480,11473,11466,11459,11451,11444,11437,11430,11422,11415,11408,11401,11394,11387,11381,11374,11368,11362,11356,11350,11345,11340,11335,11330,11325,11321,11317,11314,11310,11307,11303,11300,11297,11295,11292,11290,11288,11286,11284,11282,11281,11279,11278,11277,11276,11276,11275,11274,11274,11273,11273,11273,11273,11273,11273,11273,11274,11274,11275,11275,11276,11277,11278,11279,11281,11282,11284,11286,11287,11289,11291,11293,11295
