12478,12476,12475,12473,12472,12474,12474,12475,12482,12474,12475,12476,12474,12473,12472,12472,12474,12479,12476,12474,12473,12473,12474,12476,12477,12478,12479,12481,12484,12487,12489,12489,12490,12494,12497,12501,12494,12490,12487,12486,12485,12485,12485,12487,12486,12484,12477,12477,12473,12475,12472,12473,12470,12468,12467,12480,12477,12466,12461,12459,12454,12450,12448,12443,12434,12429,12426,12425,12432,12434,12438,12441,12445,12449,12452,12454,12456,12458,12461,12459,12459,12459,12449,12453,12450,12445,12444,12441,12439,12440,12439,12433,12434,12440,12441,12439,12439,12438,12439,12441,12442,12443,12444,12444,12445,12445,12446,12447,12448,12449,12452,12454,12455
12479,12476,12474,12473,12472,12472,12474,12473,12475,12475,12474,12475,12474,12473,12472,12470,12485,12480,12473,12478,12478,12478,12477,12478,12480,12481,12482,12486,12487,12489,12489,12489,12494,12494,12493,12495,12496,12497,12493,12490,12484,12482,12480,12480,12481,12482,12482,12482,12476,12484,12473,12475,12473,12471,12476,12483,12477,12467,12462,12460,12455,12449,12446,12442,12438,12436,12433,12430,12432,12434,12439,12443,12447,12450,12454,12455,12456,12457,12455,12454,12452,12452,12450,12446,12442,12439,12440,12439,12438,12434,12433,12434,12433,12436,12436,12436,12438,12438,12438,12437,12440,12441,12443,12443,12445,12446,12447,12449,12450,12451,12452,12453,12455
12479,12476,12473,12471,12471,12470,12471,12471,12473,12473,12474,12473,12473,12474,12473,12473,12500,12511,12491,12477,12480,12480,12479,12479,12480,12483,12485,12489,12489,12494,12492,12494,12494,12495,12494,12493,12493,12491,12490,12488,12487,12485,12485,12484,12483,12484,12482,12483,12480,12488,12491,12476,12475,12474,12478,12481,12477,12468,12463,12462,12456,12451,12445,12440,12435,12427,12429,12428,12433,12435,12439,12443,12448,12451,12454,12455,12454,12454,12454,12455,12454,12454,12450,12457,12452,12440,12433,12432,12433,12431,12429,12427,12426,12429,12432,12433,12432,12435,12437,12434,12439,12439,12442,12443,12445,12446,12448,12450,12452,12453,12455,12456,12457
12480,12476,12472,12470,12470,12469,12469,12470,12471,12470,12473,12474,12473,12475,12475,12478,12495,12513,12500,12478,12478,12479,12480,12480,12480,12485,12488,12491,12492,12498,12504,12506,12495,12497,12497,12497,12497,12497,12496,12493,12491,12487,12485,12483,12483,12482,12482,12482,12482,12479,12504,12482,12478,12476,12478,12479,12474,12469,12464,12462,12455,12450,12443,12438,12434,12430,12432,12431,12436,12437,12441,12444,12448,12450,12453,12453,12454,12455,12455,12455,12454,12453,12448,12451,12458,12449,12435,12428,12426,12424,12422,12420,12419,12421,12423,12426,12426,12429,12433,12432,12435,12437,12440,12442,12444,12447,12449,12452,12454,12455,12457,12457,12458
12480,12475,12472,12469,12469,12468,12468,12468,12469,12474,12474,12473,12475,12474,12474,12482,12489,12487,12500,12485,12479,12478,12479,12480,12481,12485,12490,12493,12501,12503,12503,12503,12500,12499,12498,12497,12497,12498,12497,12494,12491,12489,12487,12485,12484,12482,12482,12481,12482,12475,12489,12489,12480,12478,12478,12477,12474,12471,12465,12462,12454,12449,12440,12435,12431,12435,12429,12430,12439,12440,12440,12445,12450,12451,12453,12453,12455,12456,12454,12454,12452,12451,12447,12442,12437,12435,12427,12423,12421,12417,12414,12412,12411,12412,12415,12418,12421,12425,12428,12430,12431,12435,12438,12441,12443,12447,12449,12453,12454,12455,12456,12457,12459
12479,12472,12472,12468,12467,12466,12467,12467,12470,12480,12478,12479,12477,12474,12474,12473,12483,12479,12472,12486,12481,12481,12479,12479,12482,12485,12489,12491,12497,12496,12497,12497,12495,12499,12499,12499,12501,12500,12499,12497,12495,12492,12489,12487,12486,12484,12484,12482,12482,12481,12482,12485,12481,12479,12484,12479,12472,12470,12466,12462,12453,12447,12437,12430,12427,12423,12423,12428,12440,12440,12437,12445,12450,12451,12452,12453,12455,12455,12454,12453,12450,12445,12442,12438,12433,12425,12419,12415,12412,12408,12405,12403,12402,12403,12405,12409,12413,12417,12422,12426,12429,12432,12435,12439,12442,12446,12449,12452,12454,12455,12457,12457,12457
12476,12468,12474,12466,12467,12464,12466,12466,12472,12486,12485,12486,12483,12484,12475,12469,12469,12469,12468,12467,12471,12479,12478,12477,12480,12484,12489,12491,12491,12493,12493,12495,12497,12499,12500,12501,12503,12503,12502,12500,12498,12495,12493,12491,12490,12487,12485,12484,12482,12482,12482,12487,12483,12481,12485,12482,12472,12467,12466,12461,12452,12443,12433,12425,12422,12419,12420,12423,12431,12437,12440,12444,12450,12452,12454,12454,12455,12456,12454,12451,12446,12441,12434,12428,12421,12415,12410,12405,12401,12397,12394,12392,12391,12392,12395,12399,12403,12409,12414,12420,12425,12428,12432,12436,12440,12443,12447,12450,12452,12454,12456,12457,12458
12470,12466,12471,12462,12465,12463,12463,12465,12469,12482,12488,12486,12480,12467,12461,12461,12460,12459,12461,12461,12460,12465,12472,12474,12476,12480,12487,12489,12491,12494,12494,12496,12497,12500,12502,12504,12505,12505,12504,12503,12501,12499,12497,12495,12493,12491,12489,12486,12484,12483,12481,12486,12481,12486,12484,12486,12482,12471,12464,12461,12450,12439,12429,12425,12417,12410,12413,12419,12430,12438,12436,12446,12450,12453,12455,12456,12456,12455,12452,12447,12441,12433,12425,12418,12410,12403,12397,12391,12387,12383,12380,12378,12377,12379,12381,12386,12393,12399,12406,12412,12419,12424,12427,12431,12436,12440,12443,12447,12450,12452,12455,12456,12457
12465,12466,12471,12459,12460,12460,12461,12463,12464,12469,12473,12469,12463,12458,12454,12450,12447,12446,12447,12449,12451,12453,12458,12466,12471,12475,12482,12486,12490,12494,12494,12496,12499,12501,12502,12504,12507,12506,12506,12506,12505,12503,12501,12499,12497,12495,12493,12489,12487,12484,12482,12483,12488,12494,12487,12494,12489,12480,12465,12460,12449,12440,12431,12422,12407,12402,12406,12415,12430,12437,12444,12448,12452,12455,12457,12457,12456,12453,12449,12442,12434,12424,12415,12411,12401,12394,12388,12382,12376,12374,12371,12369,12368,12368,12370,12374,12381,12389,12397,12403,12410,12417,12422,12426,12430,12435,12439,12443,12446,12449,12452,12454,12455
12457,12458,12465,12459,12454,12456,12456,12459,12461,12462,12463,12461,12457,12452,12445,12437,12431,12428,12429,12433,12437,12441,12447,12453,12463,12468,12476,12482,12487,12493,12494,12496,12499,12501,12503,12505,12507,12507,12508,12508,12507,12506,12505,12503,12501,12498,12496,12493,12489,12486,12483,12481,12481,12489,12490,12493,12489,12485,12471,12460,12449,12443,12432,12412,12399,12395,12399,12412,12428,12437,12445,12448,12451,12456,12458,12457,12455,12451,12445,12435,12426,12417,12408,12401,12394,12388,12381,12376,12371,12368,12365,12363,12361,12360,12361,12366,12372,12379,12387,12394,12401,12408,12414,12419,12424,12429,12433,12437,12441,12444,12448,12450,12452
12448,12448,12455,12455,12448,12451,12451,12453,12456,12457,12458,12456,12452,12445,12435,12425,12417,12410,12409,12412,12419,12425,12434,12441,12450,12460,12469,12476,12482,12489,12493,12496,12499,12501,12503,12505,12506,12508,12508,12509,12509,12508,12508,12507,12505,12502,12499,12496,12492,12488,12485,12483,12482,12480,12486,12494,12487,12485,12476,12464,12457,12442,12423,12408,12394,12388,12396,12412,12428,12438,12445,12446,12452,12456,12458,12456,12454,12450,12441,12432,12423,12415,12407,12401,12394,12388,12382,12376,12371,12367,12364,12361,12359,12357,12356,12358,12363,12370,12377,12385,12392,12398,12404,12411,12416,12421,12425,12430,12434,12438,12441,12445,12447
12437,12439,12446,12444,12441,12443,12446,12448,12451,12453,12454,12452,12446,12437,12426,12416,12405,12396,12391,12391,12397,12407,12417,12427,12438,12448,12460,12469,12476,12484,12489,12494,12497,12500,12502,12504,12505,12507,12508,12509,12510,12510,12510,12509,12508,12506,12502,12499,12495,12491,12488,12484,12486,12485,12497,12502,12490,12484,12480,12463,12457,12435,12417,12400,12388,12387,12395,12410,12425,12436,12442,12445,12453,12457,12457,12457,12454,12448,12439,12431,12424,12417,12410,12403,12397,12390,12384,12379,12373,12369,12366,12362,12359,12357,12355,12355,12357,12362,12368,12375,12382,12389,12395,12400,12406,12412,12416,12421,12425,12429,12433,12437,12440
12427,12432,12437,12434,12433,12436,12439,12442,12445,12447,12448,12446,12440,12431,12419,12407,12394,12382,12374,12372,12376,12385,12398,12410,12424,12436,12449,12460,12469,12477,12484,12489,12494,12498,12500,12502,12504,12506,12508,12509,12510,12511,12511,12510,12509,12508,12505,12501,12497,12493,12490,12488,12499,12511,12518,12504,12491,12483,12478,12465,12456,12429,12413,12396,12386,12390,12399,12411,12425,12435,12441,12446,12454,12457,12457,12456,12453,12447,12440,12434,12428,12422,12415,12409,12403,12397,12391,12385,12380,12374,12370,12365,12361,12358,12356,12355,12356,12358,12362,12366,12371,12377,12383,12389,12395,12400,12406,12410,12415,12419,12424,12428,12431
12415,12422,12424,12424,12425,12427,12431,12435,12439,12442,12443,12440,12435,12425,12413,12399,12384,12370,12359,12353,12354,12362,12376,12391,12406,12422,12437,12449,12460,12469,12476,12483,12489,12494,12497,12500,12502,12504,12506,12508,12509,12509,12510,12510,12510,12508,12506,12502,12499,12495,12492,12490,12500,12512,12513,12499,12485,12482,12475,12464,12448,12429,12410,12395,12389,12393,12402,12414,12425,12435,12442,12449,12456,12458,12457,12456,12453,12448,12443,12438,12432,12427,12422,12417,12412,12406,12400,12393,12387,12382,12376,12371,12366,12361,12359,12357,12357,12357,12359,12361,12364,12366,12371,12375,12381,12388,12394,12399,12404,12408,12413,12417,12420
12410,12412,12412,12415,12417,12420,12423,12429,12433,12436,12437,12435,12430,12420,12408,12394,12377,12360,12346,12337,12335,12340,12352,12369,12388,12405,12422,12437,12449,12460,12468,12476,12482,12488,12492,12495,12498,12501,12503,12505,12506,12507,12508,12508,12508,12507,12505,12502,12499,12496,12493,12490,12495,12505,12501,12490,12485,12482,12474,12466,12443,12425,12410,12399,12394,12399,12407,12417,12427,12437,12445,12451,12457,12457,12457,12457,12455,12450,12446,12442,12438,12434,12430,12425,12420,12415,12410,12403,12395,12390,12384,12378,12372,12366,12362,12359,12357,12357,12358,12359,12359,12359,12360,12363,12367,12372,12379,12386,12391,12396,12401,12405,12408
12399,12410,12404,12405,12409,12413,12417,12423,12428,12431,12432,12430,12425,12416,12404,12388,12370,12352,12335,12323,12318,12320,12330,12346,12366,12386,12405,12422,12436,12449,12459,12467,12474,12480,12484,12489,12492,12495,12497,12499,12501,12502,12503,12503,12503,12503,12502,12500,12497,12494,12492,12492,12491,12498,12488,12488,12486,12483,12475,12459,12442,12427,12414,12404,12401,12405,12413,12422,12431,12440,12448,12455,12461,12462,12462,12461,12457,12454,12450,12447,12444,12441,12437,12432,12428,12423,12418,12413,12406,12398,12391,12385,12379,12373,12366,12362,12358,12357,12357,12357,12356,12355,12354,12354,12356,12359,12364,12370,12377,12382,12387,12391,12395
12388,12411,12413,12409,12404,12408,12412,12417,12422,12425,12427,12426,12421,12412,12400,12384,12366,12346,12328,12312,12303,12303,12311,12326,12344,12366,12387,12406,12423,12436,12447,12457,12464,12470,12475,12480,12484,12487,12489,12491,12493,12494,12495,12495,12496,12496,12496,12495,12493,12491,12489,12489,12489,12489,12489,12488,12487,12484,12475,12461,12443,12431,12421,12413,12410,12414,12420,12427,12436,12445,12455,12462,12467,12467,12467,12465,12462,12459,12456,12453,12450,12447,12443,12439,12435,12430,12425,12421,12414,12407,12398,12391,12385,12379,12372,12365,12361,12359,12357,12355,12353,12351,12348,12347,12347,12348,12351,12356,12361,12366,12371,12375,12378
12370,12391,12405,12406,12404,12404,12407,12412,12416,12420,12422,12421,12416,12409,12396,12381,12363,12343,12324,12306,12293,12289,12295,12308,12326,12346,12368,12390,12408,12422,12434,12444,12452,12459,12464,12469,12472,12476,12479,12480,12482,12483,12484,12485,12486,12487,12488,12487,12487,12486,12484,12483,12484,12485,12487,12487,12489,12486,12475,12463,12450,12438,12429,12423,12421,12424,12430,12438,12447,12457,12466,12472,12474,12474,12474,12472,12468,12464,12461,12459,12456,12453,12449,12445,12441,12437,12431,12426,12421,12415,12404,12396,12389,12383,12377,12369,12364,12361,12357,12354,12349,12345,12342,12341,12339,12339,12341,12343,12347,12350,12354,12357,12359
12349,12364,12390,12398,12398,12398,12402,12406,12410,12414,12416,12416,12412,12405,12394,12379,12361,12342,12322,12304,12289,12281,12282,12293,12310,12329,12350,12371,12391,12407,12419,12429,12438,12444,12450,12454,12458,12461,12464,12466,12467,12469,12470,12471,12473,12474,12476,12477,12478,12478,12478,12477,12479,12481,12483,12487,12489,12485,12483,12469,12462,12451,12446,12441,12440,12442,12448,12455,12463,12471,12477,12479,12480,12481,12480,12477,12473,12469,12467,12464,12461,12458,12455,12451,12446,12441,12435,12429,12426,12423,12414,12402,12392,12386,12379,12371,12365,12361,12356,12354,12346,12348,12340,12334,12333,12331,12331,12332,12334,12337,12338,12340,12340
12330,12350,12370,12381,12387,12390,12395,12400,12404,12408,12410,12410,12408,12401,12391,12377,12360,12342,12324,12305,12289,12278,12274,12281,12295,12314,12333,12353,12373,12389,12403,12413,12422,12428,12433,12437,12440,12443,12445,12447,12449,12451,12453,12455,12456,12459,12462,12464,12466,12468,12469,12470,12473,12476,12481,12487,12491,12488,12488,12479,12474,12467,12464,12462,12462,12464,12468,12473,12478,12482,12485,12485,12492,12494,12486,12482,12478,12474,12471,12468,12465,12463,12460,12456,12452,12447,12441,12434,12430,12431,12428,12414,12402,12393,12383,12373,12364,12359,12353,12351,12344,12349,12344,12331,12329,12325,12323,12323,12324,12325,12326,12325,12324
12316,12339,12359,12365,12372,12379,12386,12391,12396,12401,12404,12405,12403,12398,12388,12376,12360,12343,12325,12307,12290,12278,12272,12274,12284,12300,12319,12337,12354,12370,12384,12395,12403,12409,12413,12416,12419,12421,12423,12425,12426,12429,12431,12434,12437,12440,12444,12448,12452,12456,12459,12463,12467,12472,12478,12485,12492,12492,12492,12488,12484,12480,12478,12476,12477,12478,12481,12485,12488,12490,12493,12496,12495,12493,12490,12486,12481,12478,12474,12472,12469,12466,12463,12460,12455,12450,12444,12439,12433,12429,12428,12418,12399,12393,12383,12373,12363,12352,12347,12345,12343,12344,12343,12330,12325,12321,12318,12316,12315,12316,12315,12313,12310
12307,12325,12343,12354,12361,12368,12376,12382,12387,12392,12396,12398,12397,12393,12385,12374,12359,12344,12327,12310,12294,12280,12271,12272,12278,12290,12306,12323,12339,12353,12366,12376,12383,12388,12391,12393,12394,12395,12395,12397,12399,12402,12405,12409,12414,12418,12423,12429,12436,12442,12448,12453,12460,12467,12475,12485,12491,12495,12496,12494,12493,12491,12490,12490,12490,12491,12493,12495,12496,12498,12499,12499,12497,12496,12494,12490,12486,12481,12476,12474,12471,12467,12465,12461,12457,12452,12445,12440,12434,12429,12425,12414,12403,12390,12376,12369,12366,12363,12359,12351,12344,12338,12337,12327,12322,12318,12314,12311,12310,12309,12308,12305,12301
12304,12318,12331,12337,12346,12355,12364,12371,12376,12381,12386,12389,12390,12388,12382,12372,12359,12344,12329,12313,12298,12283,12273,12271,12274,12283,12295,12310,12324,12337,12348,12356,12361,12364,12365,12365,12364,12363,12362,12362,12364,12368,12373,12379,12386,12392,12399,12408,12417,12425,12435,12442,12453,12462,12472,12483,12491,12496,12499,12499,12498,12497,12496,12497,12499,12500,12502,12503,12504,12505,12506,12502,12499,12497,12493,12488,12483,12479,12477,12475,12472,12468,12465,12462,12457,12452,12447,12438,12429,12425,12419,12409,12397,12385,12376,12368,12365,12362,12355,12348,12344,12336,12332,12324,12320,12316,12312,12309,12307,12306,12304,12300,12296
12300,12309,12322,12328,12334,12342,12350,12358,12364,12368,12374,12378,12381,12381,12377,12368,12357,12344,12331,12315,12302,12287,12274,12271,12273,12279,12288,12299,12311,12322,12330,12336,12340,12340,12339,12336,12332,12328,12324,12323,12324,12328,12335,12345,12354,12364,12374,12384,12396,12407,12421,12431,12443,12456,12468,12479,12490,12496,12500,12503,12502,12501,12501,12500,12502,12504,12505,12508,12509,12510,12509,12509,12505,12498,12493,12488,12482,12478,12477,12475,12472,12468,12465,12462,12457,12452,12446,12436,12428,12419,12410,12399,12386,12375,12366,12355,12343,12332,12326,12322,12321,12319,12317,12318,12317,12314,12310,12307,12306,12305,12303,12299,12296
12301,12302,12309,12311,12316,12326,12336,12344,12349,12355,12360,12366,12370,12372,12370,12364,12355,12343,12331,12317,12305,12290,12277,12271,12271,12276,12282,12290,12299,12307,12314,12318,12319,12317,12313,12306,12298,12289,12281,12277,12278,12283,12294,12307,12322,12335,12348,12361,12375,12390,12404,12419,12435,12450,12463,12479,12490,12495,12499,12503,12504,12503,12502,12499,12501,12503,12505,12508,12509,12510,12510,12506,12499,12494,12489,12483,12479,12476,12475,12473,12471,12468,12464,12460,12455,12449,12442,12433,12423,12413,12402,12392,12379,12367,12355,12345,12337,12329,12321,12315,12311,12310,12310,12312,12313,12311,12308,12307,12306,12306,12304,12301,12299
12302,12295,12294,12295,12297,12302,12314,12326,12333,12338,12345,12351,12357,12360,12360,12357,12351,12341,12330,12318,12306,12292,12278,12271,12270,12272,12277,12283,12289,12295,12298,12300,12298,12294,12285,12274,12260,12246,12235,12228,12229,12237,12250,12268,12288,12306,12322,12338,12354,12371,12388,12406,12424,12441,12460,12476,12485,12492,12497,12502,12504,12504,12501,12499,12498,12500,12501,12501,12502,12503,12502,12499,12495,12491,12485,12479,12476,12474,12472,12471,12469,12466,12463,12458,12452,12445,12436,12428,12417,12406,12394,12383,12368,12356,12344,12334,12323,12315,12307,12300,12297,12298,12299,12303,12306,12308,12307,12306,12307,12307,12307,12306,12305
12303,12288,12276,12270,12271,12277,12285,12301,12313,12319,12326,12333,12341,12346,12349,12349,12345,12338,12329,12318,12307,12294,12281,12272,12269,12269,12272,12275,12278,12281,12282,12281,12277,12269,12256,12239,12220,12201,12186,12177,12177,12185,12203,12227,12252,12276,12297,12316,12334,12352,12374,12393,12414,12434,12454,12472,12482,12487,12493,12499,12502,12503,12501,12498,12494,12494,12495,12497,12498,12498,12496,12495,12490,12484,12479,12475,12473,12471,12471,12469,12467,12464,12460,12454,12447,12439,12430,12421,12409,12397,12386,12372,12359,12346,12334,12323,12313,12304,12296,12289,12285,12285,12289,12294,12300,12304,12305,12306,12308,12310,12311,12311,12312
12301,12281,12261,12244,12238,12245,12256,12269,12285,12298,12303,12313,12322,12330,12335,12338,12337,12332,12325,12316,12307,12296,12284,12274,12269,12267,12266,12267,12268,12269,12268,12265,12258,12246,12228,12206,12181,12156,12135,12122,12121,12132,12153,12182,12214,12244,12270,12293,12316,12334,12359,12380,12404,12425,12445,12464,12476,12481,12488,12494,12497,12499,12499,12496,12491,12489,12487,12488,12489,12490,12489,12486,12482,12478,12475,12473,12472,12470,12468,12467,12464,12460,12454,12448,12440,12431,12422,12411,12400,12387,12374,12362,12349,12335,12323,12311,12300,12291,12283,12277,12272,12272,12277,12285,12293,12300,12304,12307,12310,12313,12315,12317,12319
12296,12273,12248,12221,12208,12210,12221,12235,12252,12270,12282,12289,12300,12312,12320,12325,12327,12325,12320,12313,12305,12296,12285,12276,12268,12264,12260,12259,12259,12258,12256,12251,12241,12225,12201,12173,12140,12106,12075,12057,12053,12067,12097,12135,12175,12212,12243,12271,12297,12317,12347,12371,12394,12416,12437,12453,12466,12474,12480,12490,12493,12496,12494,12493,12490,12486,12484,12483,12482,12482,12481,12479,12477,12475,12473,12471,12469,12468,12465,12462,12458,12453,12446,12439,12430,12420,12410,12399,12388,12376,12363,12350,12337,12323,12311,12299,12288,12278,12270,12264,12260,12260,12266,12275,12285,12295,12301,12306,12311,12315,12319,12322,12323
12292,12266,12237,12205,12185,12181,12187,12201,12217,12235,12254,12266,12275,12289,12301,12310,12314,12315,12313,12309,12303,12295,12286,12276,12267,12260,12254,12251,12250,12248,12245,12238,12226,12205,12176,12139,12095,12048,12009,11986,11979,11994,12029,12080,12132,12180,12218,12250,12278,12301,12332,12359,12383,12403,12426,12442,12455,12467,12469,12479,12482,12492,12492,12491,12488,12485,12483,12482,12481,12479,12477,12476,12474,12472,12469,12467,12464,12461,12458,12453,12449,12441,12434,12426,12417,12407,12396,12385,12373,12361,12349,12336,12323,12310,12298,12286,12275,12265,12257,12251,12247,12247,12253,12263,12276,12287,12297,12304,12310,12316,12321,12326,12331
12288,12259,12228,12192,12169,12159,12159,12168,12184,12201,12219,12238,12252,12263,12277,12291,12299,12303,12305,12303,12298,12292,12284,12275,12265,12256,12248,12243,12241,12240,12236,12229,12213,12186,12151,12105,12050,11997,11958,11936,11930,11943,11975,12029,12089,12146,12193,12229,12262,12291,12322,12345,12371,12393,12415,12431,12442,12457,12463,12471,12474,12479,12479,12481,12480,12479,12479,12478,12476,12474,12472,12469,12467,12465,12462,12460,12456,12452,12446,12441,12433,12426,12418,12410,12400,12390,12379,12368,12356,12344,12332,12319,12307,12295,12283,12272,12261,12252,12244,12238,12235,12235,12240,12253,12265,12278,12290,12300,12307,12315,12321,12326,12333
12286,12255,12222,12184,12158,12143,12137,12139,12150,12167,12186,12204,12223,12239,12252,12268,12281,12289,12294,12295,12293,12288,12281,12272,12261,12250,12240,12235,12234,12234,12231,12221,12202,12171,12129,12078,12018,11966,11928,11907,11902,11913,11943,11994,12057,12120,12172,12212,12248,12281,12306,12332,12361,12380,12401,12419,12431,12443,12454,12461,12461,12466,12467,12469,12469,12468,12467,12464,12463,12462,12460,12458,12456,12453,12449,12445,12440,12435,12429,12423,12413,12407,12396,12388,12378,12368,12356,12346,12336,12326,12312,12300,12288,12277,12266,12256,12246,12237,12230,12225,12222,12222,12226,12239,12256,12269,12280,12293,12303,12311,12319,12325,12330
12283,12252,12217,12177,12149,12131,12120,12116,12119,12131,12149,12170,12190,12211,12230,12244,12260,12273,12281,12285,12286,12283,12277,12268,12257,12244,12233,12229,12231,12232,12227,12215,12193,12159,12115,12062,12002,11951,11914,11895,11892,11902,11930,11978,12039,12101,12156,12202,12237,12267,12296,12321,12348,12368,12387,12407,12418,12428,12438,12445,12446,12451,12451,12453,12454,12453,12451,12449,12446,12444,12442,12439,12436,12433,12429,12424,12419,12413,12405,12396,12387,12378,12369,12360,12351,12341,12331,12321,12311,12305,12291,12279,12267,12256,12247,12238,12230,12223,12217,12213,12210,12210,12216,12227,12244,12261,12271,12282,12294,12305,12314,12321,12327
12280,12249,12212,12172,12143,12122,12106,12098,12095,12098,12111,12131,12155,12178,12202,12222,12237,12254,12267,12274,12278,12277,12272,12264,12253,12239,12229,12227,12230,12231,12225,12212,12187,12153,12109,12058,12000,11951,11916,11898,11894,11905,11933,11979,12036,12097,12149,12192,12230,12260,12286,12310,12336,12356,12374,12392,12403,12413,12420,12427,12429,12432,12433,12434,12434,12433,12432,12430,12428,12424,12420,12416,12412,12407,12401,12395,12389,12382,12375,12367,12360,12351,12341,12331,12321,12311,12301,12291,12282,12273,12265,12258,12247,12234,12224,12217,12211,12206,12202,12199,12198,12198,12201,12211,12226,12246,12261,12272,12282,12293,12303,12311,12318
12277,12246,12209,12168,12138,12114,12094,12081,12073,12071,12076,12091,12114,12143,12170,12195,12216,12233,12250,12261,12268,12270,12267,12260,12249,12236,12228,12229,12232,12231,12224,12210,12186,12153,12112,12064,12012,11966,11931,11915,11912,11925,11951,11995,12047,12101,12152,12194,12227,12253,12279,12303,12323,12343,12361,12375,12386,12395,12402,12406,12409,12411,12411,12411,12411,12409,12407,12404,12400,12396,12392,12387,12381,12376,12370,12364,12358,12352,12345,12337,12327,12316,12305,12296,12287,12278,12268,12258,12250,12241,12233,12228,12220,12211,12201,12195,12191,12189,12187,12186,12186,12187,12191,12197,12212,12229,12247,12259,12269,12280,12289,12297,12304
12275,12243,12206,12166,12134,12108,12084,12066,12053,12047,12048,12056,12074,12102,12136,12165,12191,12213,12231,12246,12256,12261,12262,12256,12247,12237,12231,12231,12233,12231,12225,12211,12189,12158,12121,12079,12035,11993,11962,11947,11944,11958,11984,12022,12068,12116,12158,12194,12225,12251,12273,12293,12315,12331,12347,12360,12369,12374,12382,12384,12387,12386,12385,12385,12382,12379,12376,12372,12368,12363,12358,12353,12349,12344,12337,12331,12323,12313,12304,12293,12283,12274,12266,12257,12249,12239,12229,12220,12211,12203,12196,12190,12186,12182,12175,12171,12170,12169,12170,12172,12174,12176,12179,12184,12197,12212,12230,12243,12254,12263,12272,12279,12284
12272,12241,12204,12164,12132,12103,12075,12052,12035,12025,12023,12029,12043,12066,12098,12133,12163,12190,12211,12229,12243,12252,12255,12252,12246,12237,12233,12233,12234,12232,12227,12214,12194,12167,12135,12101,12064,12031,12006,11992,11989,12002,12025,12058,12095,12134,12170,12200,12226,12248,12269,12288,12303,12317,12331,12341,12350,12352,12358,12359,12360,12359,12357,12355,12350,12345,12340,12335,12330,12324,12318,12312,12305,12298,12290,12283,12275,12267,12258,12249,12240,12231,12222,12214,12205,12196,12188,12179,12170,12164,12157,12154,12152,12151,12148,12146,12147,12149,12151,12155,12160,12165,12169,12173,12181,12194,12211,12226,12238,12247,12254,12261,12265
12269,12238,12202,12163,12131,12100,12068,12041,12020,12006,12002,12007,12018,12038,12065,12100,12135,12165,12191,12211,12228,12240,12247,12248,12243,12237,12234,12234,12235,12234,12229,12218,12202,12179,12152,12124,12096,12069,12050,12040,12039,12049,12069,12095,12123,12155,12183,12208,12229,12247,12263,12278,12292,12303,12313,12320,12325,12329,12331,12331,12330,12328,12324,12320,12314,12307,12301,12295,12288,12282,12275,12268,12260,12253,12244,12237,12228,12220,12211,12201,12192,12182,12173,12165,12157,12149,12141,12132,12126,12119,12116,12114,12114,12116,12117,12121,12122,12128,12133,12137,12143,12151,12157,12163,12169,12179,12191,12205,12218,12227,12233,12236,12238
12265,12235,12200,12163,12130,12097,12063,12032,12008,11993,11987,11990,12000,12018,12041,12072,12106,12140,12168,12192,12211,12226,12237,12241,12240,12236,12233,12234,12235,12235,12232,12223,12210,12192,12171,12148,12126,12106,12091,12083,12083,12092,12107,12127,12149,12173,12194,12213,12230,12245,12260,12269,12279,12284,12293,12296,12299,12300,12300,12298,12295,12290,12285,12280,12273,12265,12259,12251,12244,12237,12229,12221,12213,12205,12196,12188,12179,12170,12160,12151,12142,12133,12124,12115,12107,12100,12092,12086,12080,12075,12073,12072,12073,12077,12082,12088,12093,12101,12109,12117,12124,12133,12143,12151,12158,12165,12175,12185,12196,12204,12208,12210,12208
12261,12232,12198,12162,12129,12095,12060,12028,12002,11985,11978,11980,11989,12004,12025,12051,12082,12115,12145,12171,12194,12211,12225,12233,12235,12233,12232,12232,12234,12236,12234,12228,12218,12205,12188,12170,12152,12138,12127,12121,12121,12127,12138,12153,12169,12187,12203,12216,12229,12238,12247,12255,12261,12264,12269,12269,12270,12268,12266,12261,12256,12251,12244,12237,12229,12221,12214,12205,12197,12189,12180,12172,12163,12154,12146,12136,12128,12119,12111,12101,12093,12083,12075,12067,12058,12051,12044,12038,12032,12030,12028,12028,12030,12035,12042,12052,12061,12069,12081,12093,12103,12113,12124,12136,12144,12152,12160,12168,12176,12183,12187,12188,12186
12255,12227,12196,12162,12129,12095,12060,12028,12001,11982,11975,11975,11983,11996,12014,12038,12063,12093,12123,12151,12175,12195,12211,12222,12228,12229,12229,12231,12233,12235,12235,12231,12225,12215,12203,12189,12175,12163,12154,12149,12148,12152,12160,12170,12182,12193,12204,12214,12222,12229,12235,12239,12240,12243,12241,12242,12238,12235,12231,12225,12218,12211,12203,12194,12185,12176,12168,12158,12150,12141,12132,12123,12114,12105,12096,12087,12079,12071,12062,12053,12045,12035,12026,12017,12008,12000,11994,11988,11983,11982,11981,11982,11985,11991,12000,12012,12026,12039,12050,12063,12078,12091,12103,12116,12128,12137,12145,12152,12159,12164,12167,12166,12163
12248,12222,12193,12161,12129,12097,12063,12031,12005,11986,11977,11976,11982,11993,12007,12028,12052,12075,12103,12130,12155,12176,12195,12209,12219,12224,12226,12228,12231,12234,12234,12233,12229,12222,12213,12205,12192,12183,12175,12170,12169,12170,12174,12180,12188,12195,12202,12207,12212,12215,12217,12217,12219,12216,12215,12211,12206,12200,12194,12186,12178,12169,12160,12150,12141,12131,12123,12112,12103,12093,12085,12075,12067,12057,12050,12041,12032,12023,12014,12004,11994,11985,11976,11967,11958,11950,11943,11938,11934,11931,11932,11933,11937,11944,11954,11968,11983,12002,12019,12034,12049,12066,12081,12094,12107,12119,12128,12135,12141,12145,12147,12145,12141
12239,12216,12190,12160,12130,12099,12067,12037,12012,11993,11983,11980,11983,11992,12004,12021,12042,12063,12085,12110,12134,12157,12176,12193,12206,12215,12220,12224,12227,12230,12232,12232,12229,12226,12219,12212,12206,12197,12190,12184,12182,12181,12183,12185,12188,12191,12194,12197,12197,12198,12196,12194,12192,12188,12182,12176,12169,12162,12153,12144,12135,12126,12116,12106,12097,12086,12077,12066,12057,12047,12038,12029,12021,12012,12003,11993,11983,11973,11963,11953,11943,11934,11924,11914,11905,11897,11891,11884,11882,11879,11881,11883,11888,11897,11908,11922,11940,11960,11980,12002,12020,12038,12054,12070,12085,12097,12109,12117,12123,12126,12127,12125,12120
12229,12209,12185,12159,12130,12101,12072,12044,12020,12002,11991,11986,11987,11992,12001,12015,12033,12052,12071,12092,12114,12136,12156,12174,12189,12201,12210,12216,12220,12223,12226,12227,12227,12224,12220,12216,12210,12204,12199,12194,12190,12187,12186,12184,12184,12184,12183,12182,12179,12177,12171,12170,12160,12156,12148,12140,12132,12123,12114,12104,12094,12084,12074,12063,12053,12043,12033,12022,12013,12003,11993,11983,11974,11964,11954,11944,11934,11923,11912,11902,11892,11882,11872,11862,11853,11845,11838,11832,11829,11827,11828,11831,11837,11846,11859,11874,11893,11915,11939,11963,11985,12007,12027,12045,12060,12074,12086,12096,12103,12107,12108,12105,12099
12218,12201,12180,12156,12130,12103,12077,12051,12028,12010,11998,11992,11991,11994,12000,12010,12024,12040,12058,12076,12095,12115,12135,12153,12169,12183,12194,12202,12209,12213,12216,12219,12219,12218,12216,12212,12208,12203,12199,12194,12191,12187,12184,12181,12177,12175,12170,12166,12161,12156,12149,12141,12134,12125,12116,12106,12096,12085,12075,12064,12053,12042,12031,12020,12010,11999,11988,11978,11967,11957,11946,11936,11925,11915,11905,11894,11884,11874,11863,11853,11841,11832,11822,11812,11804,11795,11788,11783,11780,11778,11779,11782,11789,11798,11811,11827,11846,11869,11894,11922,11949,11972,11995,12017,12035,12049,12063,12074,12082,12086,12087,12085,12079
12206,12191,12173,12152,12129,12104,12080,12056,12034,12016,12003,11996,11992,11993,11998,12004,12015,12028,12043,12059,12077,12095,12113,12130,12146,12161,12174,12184,12192,12198,12203,12206,12208,12208,12206,12204,12200,12196,12192,12188,12184,12180,12175,12170,12166,12161,12153,12147,12138,12130,12121,12111,12101,12090,12078,12067,12055,12043,12031,12020,12008,11996,11985,11973,11962,11951,11940,11930,11919,11909,11899,11888,11878,11868,11858,11848,11838,11828,11817,11807,11795,11785,11775,11765,11757,11749,11743,11738,11735,11733,11734,11737,11744,11753,11766,11782,11801,11825,11851,11878,11908,11938,11964,11985,12007,12024,12039,12051,12059,12065,12067,12064,12058
12192,12180,12165,12147,12126,12104,12081,12059,12038,12020,12006,11997,11991,11990,11992,11997,12004,12015,12027,12041,12056,12073,12089,12106,12122,12136,12149,12161,12171,12178,12184,12188,12191,12192,12191,12189,12186,12183,12179,12175,12170,12165,12160,12153,12147,12138,12130,12121,12110,12101,12088,12077,12064,12051,12038,12025,12012,11999,11986,11974,11961,11949,11937,11926,11915,11905,11894,11884,11874,11864,11854,11844,11834,11824,11814,11804,11794,11783,11772,11762,11751,11741,11732,11723,11715,11708,11702,11698,11695,11694,11695,11698,11704,11713,11726,11741,11760,11782,11808,11837,11867,11898,11930,11956,11978,11997,12014,12027,12037,12043,12045,12043,12037
12178,12168,12156,12140,12121,12101,12080,12059,12040,12022,12007,11995,11987,11983,11983,11985,11990,11998,12008,12020,12033,12048,12064,12079,12095,12109,12123,12135,12145,12154,12161,12166,12169,12170,12171,12170,12168,12165,12161,12157,12151,12145,12139,12131,12123,12113,12103,12092,12079,12067,12053,12039,12025,12011,11997,11982,11968,11954,11941,11928,11916,11904,11892,11881,11870,11860,11850,11840,11830,11820,11811,11802,11793,11783,11773,11763,11753,11742,11732,11722,11712,11703,11693,11685,11677,11671,11666,11662,11659,11659,11660,11664,11670,11680,11692,11707,11725,11747,11771,11800,11829,11860,11893,11924,11950,11971,11988,12002,12013,12021,12024,12022,12016
12164,12156,12145,12131,12115,12096,12077,12057,12037,12019,12003,11990,11980,11973,11970,11969,11971,11976,11984,11993,12005,12019,12034,12049,12065,12079,12093,12105,12117,12126,12134,12140,12143,12146,12147,12146,12145,12142,12138,12133,12127,12119,12111,12101,12092,12080,12070,12057,12044,12029,12014,11999,11984,11969,11954,11939,11924,11910,11896,11883,11870,11859,11848,11837,11827,11817,11808,11798,11790,11781,11772,11763,11754,11744,11734,11724,11714,11705,11695,11685,11676,11667,11659,11651,11645,11639,11634,11631,11629,11629,11631,11635,11641,11651,11662,11678,11695,11716,11739,11765,11795,11827,11859,11891,11920,11945,11965,11979,11991,11998,12001,12000,11995
12148,12142,12133,12120,12105,12088,12070,12050,12030,12012,11995,11981,11969,11960,11952,11948,11946,11948,11954,11962,11972,11985,11998,12014,12030,12046,12060,12073,12084,12094,12102,12108,12113,12116,12117,12117,12116,12113,12109,12103,12096,12089,12080,12071,12061,12048,12035,12021,12006,11990,11974,11958,11942,11926,11910,11894,11879,11865,11851,11839,11827,11816,11806,11796,11787,11777,11768,11760,11751,11743,11735,11726,11717,11707,11697,11688,11679,11670,11661,11653,11644,11637,11629,11623,11617,11612,11608,11606,11604,11605,11607,11612,11617,11628,11638,11654,11670,11689,11712,11737,11765,11796,11828,11860,11892,11919,11941,11958,11970,11978,11981,11980,11976
12132,12127,12118,12107,12093,12077,12059,12039,12019,12000,11982,11966,11951,11939,11929,11921,11916,11914,11917,11924,11933,11945,11958,11974,11989,12006,12022,12036,12048,12058,12065,12071,12077,12081,12084,12084,12081,12078,12073,12067,12061,12052,12041,12033,12019,12009,11995,11981,11965,11949,11932,11914,11898,11882,11866,11851,11836,11823,11810,11798,11787,11777,11767,11758,11749,11740,11731,11723,11715,11707,11699,11690,11682,11673,11665,11656,11648,11640,11632,11625,11618,11611,11605,11600,11596,11592,11589,11588,11587,11588,11590,11595,11599,11609,11619,11634,11650,11668,11689,11713,11740,11770,11801,11834,11866,11894,11917,11936,11950,11959,11964,11963,11958
12115,12110,12102,12091,12077,12062,12043,12023,12003,11983,11963,11944,11927,11911,11898,11887,11880,11875,11874,11879,11887,11901,11915,11931,11946,11961,11977,11992,12006,12017,12026,12033,12042,12046,12048,12045,12043,12039,12033,12027,12020,12013,12004,11994,11982,11970,11955,11939,11922,11905,11888,11870,11854,11838,11823,11809,11795,11783,11771,11760,11749,11740,11731,11722,11713,11705,11697,11689,11682,11674,11666,11658,11651,11643,11635,11628,11621,11614,11608,11602,11597,11592,11588,11584,11581,11579,11577,11576,11575,11577,11579,11583,11588,11596,11606,11619,11633,11651,11671,11694,11719,11748,11778,11811,11843,11871,11895,11914,11928,11938,11943,11944,11940
12096,12091,12084,12073,12059,12042,12023,12003,11981,11959,11937,11916,11896,11878,11862,11849,11838,11832,11830,11834,11840,11852,11866,11882,11899,11915,11931,11946,11962,11977,11989,11999,12005,12007,12003,11999,11997,11995,11990,11983,11977,11968,11959,11948,11936,11923,11909,11894,11877,11860,11843,11826,11811,11796,11783,11769,11758,11745,11734,11724,11715,11705,11697,11688,11680,11673,11665,11658,11651,11643,11636,11629,11623,11616,11610,11604,11598,11593,11588,11584,11581,11577,11575,11573,11571,11569,11568,11568,11568,11569,11572,11576,11581,11588,11597,11608,11622,11638,11657,11679,11704,11731,11761,11792,11822,11849,11872,11892,11908,11918,11923,11924,11921
12077,12072,12063,12051,12037,12019,11999,11977,11953,11930,11906,11883,11861,11841,11823,11808,11797,11791,11789,11792,11798,11805,11821,11834,11849,11866,11882,11899,11915,11928,11939,11944,11952,11953,11955,11955,11953,11950,11945,11939,11931,11923,11913,11901,11890,11878,11864,11849,11833,11817,11801,11786,11772,11758,11745,11734,11722,11711,11701,11691,11682,11673,11665,11657,11650,11643,11636,11629,11623,11616,11610,11604,11598,11593,11588,11583,11579,11576,11573,11570,11568,11566,11565,11564,11563,11562,11562,11562,11563,11565,11567,11571,11576,11582,11591,11601,11614,11629,11647,11668,11692,11719,11748,11777,11804,11831,11854,11872,11887,11898,11904,11905,11901
12057,12050,12041,12028,12012,11992,11970,11947,11922,11896,11871,11846,11824,11803,11785,11771,11760,11754,11752,11754,11760,11766,11778,11790,11803,11819,11832,11848,11863,11875,11887,11896,11903,11905,11908,11909,11907,11905,11900,11894,11886,11875,11867,11855,11846,11833,11820,11806,11791,11775,11761,11748,11735,11723,11712,11701,11690,11680,11670,11662,11653,11645,11637,11630,11623,11616,11610,11604,11598,11592,11587,11582,11577,11573,11569,11566,11564,11562,11560,11559,11558,11558,11557,11557,11556,11557,11557,11558,11559,11561,11564,11568,11573,11579,11588,11598,11610,11624,11642,11662,11685,11712,11739,11765,11790,11813,11834,11851,11870,11876,11886,11886,11882
12036,12028,12016,12001,11983,11962,11938,11913,11887,11860,11835,11810,11786,11767,11750,11737,11728,11722,11720,11721,11725,11731,11741,11752,11762,11774,11787,11801,11814,11826,11836,11844,11854,11859,11862,11862,11862,11860,11854,11847,11840,11831,11823,11811,11802,11791,11778,11765,11751,11738,11726,11714,11702,11691,11681,11671,11661,11652,11643,11635,11627,11619,11612,11605,11599,11592,11587,11581,11576,11571,11567,11562,11559,11556,11554,11552,11550,11550,11549,11549,11549,11550,11550,11551,11551,11552,11553,11554,11556,11558,11561,11565,11571,11577,11586,11596,11608,11623,11639,11659,11683,11708,11732,11756,11778,11799,11821,11833,11856,11857,11868,11868,11864
12013,12003,11989,11972,11951,11928,11903,11877,11851,11825,11799,11775,11754,11735,11719,11707,11699,11694,11692,11692,11695,11700,11706,11714,11725,11736,11746,11757,11768,11778,11788,11798,11805,11810,11813,11814,11814,11811,11807,11803,11794,11789,11778,11772,11762,11751,11740,11728,11716,11705,11694,11683,11673,11663,11653,11644,11635,11626,11618,11610,11603,11596,11589,11583,11577,11571,11566,11561,11556,11552,11549,11546,11544,11542,11541,11540,11540,11540,11540,11541,11542,11542,11544,11545,11547,11549,11550,11553,11555,11556,11560,11564,11570,11578,11587,11597,11609,11623,11640,11661,11683,11705,11727,11748,11770,11788,11808,11818,11841,11842,11851,11851,11847
11988,11975,11958,11939,11916,11892,11866,11840,11815,11789,11766,11743,11724,11707,11693,11682,11674,11670,11667,11667,11669,11674,11679,11686,11694,11702,11711,11720,11728,11737,11744,11752,11758,11763,11766,11767,11767,11765,11763,11758,11754,11747,11741,11733,11725,11716,11706,11695,11685,11675,11665,11656,11646,11637,11628,11620,11612,11604,11596,11588,11582,11575,11569,11563,11557,11552,11548,11543,11540,11537,11534,11532,11531,11530,11530,11530,11531,11531,11533,11534,11535,11537,11539,11541,11543,11546,11549,11552,11554,11557,11560,11564,11571,11579,11588,11599,11612,11626,11644,11664,11684,11704,11725,11745,11765,11782,11801,11811,11828,11830,11836,11836,11832
11959,11943,11924,11903,11880,11856,11830,11805,11781,11757,11735,11716,11698,11683,11670,11660,11653,11649,11646,11646,11647,11650,11654,11659,11666,11673,11681,11688,11695,11702,11708,11714,11718,11722,11725,11726,11727,11726,11724,11721,11717,11712,11706,11700,11692,11683,11675,11666,11657,11649,11640,11631,11623,11615,11607,11599,11591,11583,11576,11569,11562,11556,11551,11545,11540,11536,11532,11529,11526,11524,11523,11522,11521,11521,11521,11522,11523,11525,11526,11528,11530,11533,11535,11538,11541,11544,11548,11552,11556,11558,11562,11567,11576,11583,11594,11605,11617,11632,11651,11670,11687,11706,11725,11743,11760,11777,11792,11803,11814,11820,11823,11822,11816
11923,11906,11887,11865,11842,11818,11794,11771,11748,11728,11708,11691,11675,11662,11651,11643,11636,11632,11629,11628,11629,11632,11635,11639,11644,11649,11654,11660,11666,11671,11677,11681,11684,11688,11690,11691,11692,11691,11690,11688,11684,11679,11673,11667,11661,11654,11647,11640,11632,11625,11617,11609,11601,11593,11586,11578,11571,11564,11558,11552,11546,11540,11535,11531,11527,11523,11520,11518,11516,11514,11514,11513,11513,11513,11514,11516,11517,11519,11521,11524,11527,11530,11532,11536,11540,11543,11548,11553,11557,11560,11566,11572,11578,11587,11599,11610,11625,11642,11659,11676,11692,11711,11728,11745,11761,11774,11788,11798,11805,11811,11810,11808,11802
11888,11869,11848,11826,11805,11783,11761,11739,11720,11701,11684,11669,11655,11644,11634,11627,11622,11618,11615,11614,11614,11615,11617,11620,11624,11628,11633,11638,11642,11646,11649,11652,11655,11658,11659,11661,11661,11660,11659,11657,11653,11649,11645,11640,11635,11629,11623,11617,11610,11603,11596,11589,11582,11575,11568,11562,11555,11549,11543,11537,11532,11528,11523,11519,11516,11513,11511,11509,11507,11506,11506,11506,11506,11507,11509,11511,11513,11515,11518,11521,11524,11528,11531,11535,11539,11544,11550,11555,11560,11564,11569,11577,11585,11595,11605,11618,11634,11652,11668,11683,11700,11717,11732,11746,11761,11773,11784,11792,11798,11800,11799,11794,11787
11845,11827,11808,11788,11767,11747,11728,11710,11693,11677,11663,11650,11639,11630,11622,11616,11611,11607,11605,11603,11603,11603,11605,11608,11610,11612,11614,11617,11620,11623,11627,11630,11632,11633,11634,11635,11634,11633,11632,11630,11627,11624,11620,11616,11612,11607,11601,11595,11589,11583,11577,11571,11565,11558,11552,11546,11541,11536,11531,11526,11521,11517,11513,11510,11507,11504,11503,11501,11500,11500,11500,11500,11502,11503,11505,11508,11511,11513,11516,11520,11524,11527,11532,11536,11540,11546,11552,11558,11563,11569,11574,11582,11591,11602,11614,11629,11646,11663,11677,11692,11709,11724,11738,11752,11763,11773,11781,11787,11790,11791,11787,11781,11773
11805,11787,11768,11749,11731,11714,11698,11683,11668,11655,11643,11633,11625,11617,11611,11605,11601,11598,11596,11594,11593,11593,11593,11594,11596,11598,11600,11603,11605,11607,11609,11610,11611,11612,11612,11612,11611,11610,11609,11607,11605,11602,11598,11595,11590,11586,11581,11576,11571,11566,11561,11556,11550,11545,11541,11536,11531,11525,11521,11516,11512,11508,11505,11502,11499,11497,11495,11494,11494,11494,11495,11497,11499,11502,11504,11507,11510,11513,11517,11521,11525,11529,11533,11538,11544,11551,11556,11562,11567,11574,11583,11593,11602,11613,11627,11643,11659,11673,11687,11703,11717,11731,11743,11754,11763,11771,11777,11782,11782,11781,11776,11768,11759
11760,11743,11728,11712,11697,11683,11669,11657,11645,11635,11626,11618,11611,11606,11601,11597,11593,11591,11588,11587,11586,11585,11585,11585,11586,11586,11588,11589,11589,11590,11591,11592,11592,11592,11592,11592,11591,11590,11588,11586,11584,11582,11579,11576,11572,11568,11565,11561,11556,11552,11548,11544,11539,11535,11530,11526,11521,11516,11512,11508,11504,11501,11497,11494,11492,11491,11490,11490,11491,11492,11494,11496,11499,11502,11505,11508,11512,11515,11520,11524,11528,11533,11538,11544,11549,11555,11562,11568,11574,11582,11592,11601,11612,11626,11643,11659,11672,11685,11699,11713,11727,11739,11749,11757,11763,11769,11774,11775,11774,11770,11764,11756,11747
11717,11703,11690,11677,11665,11653,11643,11633,11625,11617,11611,11605,11600,11595,11591,11588,11585,11583,11581,11580,11578,11577,11577,11576,11576,11576,11576,11577,11577,11577,11577,11577,11577,11576,11576,11575,11574,11573,11572,11570,11568,11566,11564,11561,11558,11555,11552,11549,11546,11542,11539,11535,11531,11527,11523,11518,11514,11510,11506,11502,11498,11495,11493,11491,11490,11489,11489,11490,11491,11493,11495,11498,11501,11505,11509,11512,11516,11520,11525,11530,11535,11540,11544,11550,11558,11564,11569,11575,11584,11593,11603,11615,11629,11644,11659,11672,11684,11697,11710,11723,11734,11743,11750,11756,11761,11765,11767,11767,11764,11759,11752,11744,11735
11676,11665,11654,11645,11636,11627,11620,11613,11607,11602,11597,11593,11589,11586,11583,11581,11579,11577,11575,11574,11572,11571,11571,11570,11569,11569,11568,11567,11567,11566,11566,11566,11565,11565,11564,11563,11562,11561,11560,11558,11556,11555,11553,11550,11548,11546,11543,11540,11537,11534,11531,11527,11523,11519,11515,11511,11508,11504,11501,11499,11497,11495,11493,11493,11492,11492,11492,11494,11496,11498,11501,11504,11507,11511,11515,11519,11523,11528,11533,11538,11543,11548,11555,11560,11565,11572,11580,11587,11596,11606,11618,11632,11646,11659,11672,11684,11696,11708,11719,11730,11738,11745,11751,11755,11758,11760,11761,11758,11754,11748,11741,11734,11726
11640,11631,11624,11617,11610,11605,11600,11595,11591,11588,11585,11583,11580,11578,11577,11575,11574,11573,11571,11570,11569,11568,11567,11566,11565,11564,11563,11562,11562,11561,11560,11559,11558,11557,11556,11555,11554,11553,11551,11550,11548,11546,11544,11542,11540,11537,11535,11532,11530,11527,11524,11521,11517,11514,11511,11508,11506,11503,11501,11500,11499,11498,11498,11498,11498,11499,11500,11501,11503,11506,11509,11512,11516,11520,11524,11528,11532,11537,11542,11548,11553,11559,11564,11571,11578,11585,11593,11601,11611,11623,11636,11649,11661,11673,11684,11695,11706,11716,11725,11733,11739,11744,11748,11751,11753,11754,11752,11749,11745,11739,11732,11725,11718
11608,11602,11597,11593,11588,11585,11581,11579,11576,11574,11573,11572,11571,11570,11570,11569,11569,11568,11567,11566,11565,11564,11563,11562,11561,11560,11559,11558,11557,11555,11554,11553,11552,11551,11550,11548,11547,11545,11543,11541,11539,11538,11536,11534,11532,11530,11527,11525,11523,11520,11518,11515,11513,11511,11509,11507,11506,11505,11504,11504,11504,11504,11505,11506,11507,11508,11509,11511,11514,11517,11520,11523,11527,11531,11535,11540,11544,11549,11554,11560,11566,11572,11578,11584,11591,11600,11609,11619,11630,11641,11652,11663,11674,11684,11694,11703,11712,11720,11727,11732,11736,11740,11742,11745,11746,11746,11744,11740,11735,11730,11724,11719,11714
11583,11579,11576,11573,11570,11568,11566,11564,11563,11562,11562,11561,11561,11561,11561,11561,11562,11561,11561,11560,11560,11559,11558,11557,11556,11555,11554,11553,11551,11550,11549,11547,11546,11544,11542,11541,11539,11537,11535,11534,11532,11530,11528,11526,11524,11523,11521,11519,11517,11516,11514,11513,11512,11511,11510,11510,11509,11509,11510,11510,11511,11512,11513,11515,11516,11518,11520,11522,11525,11528,11531,11535,11539,11543,11547,11551,11556,11561,11566,11572,11578,11584,11591,11598,11606,11616,11626,11635,11645,11655,11664,11673,11682,11690,11699,11707,11714,11719,11724,11728,11731,11734,11736,11737,11738,11737,11734,11730,11726,11722,11718,11713,11710
11563,11560,11558,11556,11554,11553,11552,11551,11551,11551,11551,11551,11551,11552,11552,11552,11553,11553,11553,11553,11552,11552,11551,11551,11550,11548,11547,11546,11545,11543,11541,11540,11538,11536,11534,11532,11531,11529,11527,11525,11524,11522,11521,11519,11518,11517,11516,11515,11514,11514,11513,11513,11513,11513,11513,11513,11514,11515,11516,11517,11519,11520,11522,11524,11526,11529,11531,11534,11537,11540,11544,11548,11552,11556,11560,11564,11569,11574,11579,11585,11592,11599,11607,11615,11623,11631,11639,11647,11656,11664,11672,11681,11689,11696,11702,11707,11712,11716,11720,11723,11725,11727,11729,11729,11729,11728,11725,11722,11719,11715,11712,11709,11706
11547,11545,11543,11542,11541,11540,11540,11540,11540,11540,11540,11541,11541,11542,11543,11543,11544,11544,11544,11544,11544,11543,11543,11542,11541,11540,11539,11538,11536,11535,11533,11531,11530,11528,11526,11524,11523,11521,11520,11519,11517,11517,11516,11515,11515,11514,11514,11513,11513,11514,11514,11515,11515,11516,11517,11518,11519,11521,11522,11524,11526,11529,11531,11533,11536,11538,11541,11544,11547,11551,11555,11559,11564,11568,11572,11577,11581,11587,11592,11599,11605,11612,11619,11626,11632,11640,11647,11655,11662,11669,11675,11682,11688,11694,11699,11703,11707,11711,11714,11716,11717,11719,11720,11720,11719,11718,11716,11714,11712,11709,11707,11705,11702
11534,11533,11532,11531,11531,11530,11530,11530,11530,11530,11531,11532,11532,11533,11533,11533,11534,11534,11535,11535,11534,11534,11533,11533,11532,11531,11530,11529,11528,11526,11525,11523,11522,11520,11519,11518,11517,11516,11515,11514,11514,11514,11514,11513,11513,11513,11513,11514,11515,11516,11517,11518,11519,11521,11522,11524,11525,11527,11529,11532,11534,11537,11539,11542,11544,11548,11551,11554,11558,11562,11566,11570,11575,11579,11584,11588,11594,11599,11605,11610,11616,11622,11628,11634,11640,11647,11653,11659,11664,11670,11676,11681,11685,11689,11693,11696,11699,11702,11704,11706,11708,11709,11710,11709,11709,11708,11708,11707,11705,11704,11702,11700,11699
11526,11525,11524,11523,11523,11523,11522,11522,11522,11523,11523,11523,11523,11523,11524,11525,11525,11525,11525,11525,11525,11525,11525,11524,11523,11523,11522,11521,11520,11519,11517,11516,11516,11515,11514,11513,11513,11513,11512,11512,11512,11512,11512,11513,11513,11514,11515,11516,11518,11519,11520,11522,11524,11526,11527,11529,11532,11534,11536,11539,11542,11544,11547,11550,11553,11556,11560,11563,11567,11571,11575,11578,11582,11587,11591,11596,11601,11606,11611,11616,11621,11626,11631,11637,11643,11648,11653,11659,11664,11668,11672,11676,11680,11683,11687,11689,11692,11693,11695,11696,11697,11698,11699,11699,11699,11699,11699,11699,11698,11697,11696,11696,11695
11520,11519,11519,11518,11517,11517,11517,11516,11516,11516,11517,11517,11517,11517,11517,11517,11517,11517,11517,11517,11517,11517,11516,11516,11516,11515,11515,11514,11513,11513,11513,11513,11512,11511,11511,11511,11511,11511,11512,11512,11513,11513,11514,11515,11516,11517,11518,11520,11521,11523,11525,11527,11529,11531,11533,11535,11537,11540,11542,11545,11548,11551,11554,11557,11560,11563,11566,11569,11573,11576,11580,11583,11587,11592,11596,11600,11605,11610,11614,11619,11623,11627,11632,11637,11642,11646,11651,11654,11658,11663,11667,11670,11672,11675,11677,11680,11682,11683,11685,11686,11687,11688,11688,11689,11690,11690,11690,11690,11691,11691,11691,11691,11691
