12500,12498,12495,12494,12494,12493,12493,12492,12492,12492,12493,12494,12494,12493,12491,12490,12489,12488,12485,12481,12476,12471,12467,12461,12454,12447,12439,12430,12424,12419,12415,12414,12413,12414,12416,12420,12424,12427,12428,12433,12438,12443,12448,12454,12460,12465,12470,12473,12475,12476,12476,12478,12480,12482,12483,12482,12482,12482,12481,12480,12478,12477,12475,12474,12473,12472,12472,12471,12470,12468,12467,12467,12467,12466,12466,12467,12465,12465,12466,12470,12470,12475,12476,12480,12480,12474,12469,12466,12465,12464,12464,12463,12462,12462,12461,12460,12459,12459,12458,12458,12460,12460,12461,12462,12464,12465,12467,12470,12472,12474,12475,12476,12477
12497,12495,12494,12492,12492,12492,12491,12491,12491,12491,12491,12492,12492,12490,12488,12487,12486,12484,12481,12476,12470,12465,12459,12452,12444,12434,12425,12416,12408,12402,12398,12395,12395,12396,12399,12406,12413,12416,12417,12421,12427,12433,12440,12446,12452,12458,12463,12467,12470,12472,12473,12474,12475,12477,12480,12479,12480,12479,12478,12477,12475,12474,12473,12471,12471,12469,12469,12468,12467,12466,12465,12464,12464,12463,12463,12464,12464,12464,12465,12467,12469,12471,12473,12472,12474,12470,12469,12467,12466,12465,12465,12463,12461,12459,12458,12457,12455,12453,12452,12452,12453,12454,12455,12457,12458,12461,12462,12465,12468,12470,12471,12473,12475
12492,12491,12491,12490,12490,12490,12489,12489,12489,12489,12489,12489,12489,12487,12485,12484,12482,12480,12476,12471,12465,12458,12451,12442,12432,12422,12410,12399,12390,12384,12379,12378,12377,12379,12382,12386,12397,12404,12408,12410,12415,12422,12429,12436,12443,12450,12457,12462,12463,12466,12468,12469,12471,12473,12474,12475,12476,12476,12475,12473,12472,12471,12469,12468,12467,12467,12467,12465,12464,12462,12461,12462,12461,12460,12460,12460,12459,12460,12462,12464,12466,12468,12470,12471,12471,12471,12469,12467,12466,12463,12460,12457,12455,12454,12452,12451,12449,12448,12446,12445,12445,12446,12448,12450,12451,12454,12457,12459,12462,12465,12467,12469,12470
12487,12487,12487,12487,12487,12487,12487,12487,12487,12487,12487,12487,12486,12484,12481,12480,12478,12475,12471,12466,12459,12451,12442,12431,12420,12407,12394,12383,12373,12367,12363,12361,12361,12362,12366,12371,12377,12387,12395,12401,12404,12411,12418,12426,12434,12441,12450,12457,12461,12460,12462,12464,12466,12468,12470,12471,12472,12471,12471,12469,12468,12467,12465,12464,12463,12463,12463,12462,12460,12459,12458,12457,12453,12454,12454,12456,12455,12456,12459,12461,12463,12465,12466,12468,12468,12467,12465,12463,12460,12456,12454,12452,12450,12448,12447,12444,12442,12440,12439,12437,12437,12437,12439,12441,12443,12445,12449,12452,12455,12458,12461,12463,12465
12480,12481,12482,12482,12483,12483,12484,12484,12484,12484,12484,12484,12482,12480,12477,12475,12473,12471,12466,12459,12452,12442,12432,12420,12407,12393,12379,12367,12358,12352,12349,12347,12346,12348,12351,12356,12361,12369,12380,12388,12395,12400,12408,12416,12424,12432,12441,12449,12456,12459,12458,12460,12461,12463,12465,12466,12467,12467,12466,12465,12464,12462,12460,12459,12458,12457,12457,12457,12455,12454,12451,12448,12451,12450,12449,12449,12449,12451,12453,12457,12459,12461,12463,12464,12464,12464,12461,12457,12454,12451,12449,12446,12444,12441,12439,12436,12434,12432,12430,12429,12428,12428,12429,12431,12433,12436,12439,12443,12447,12450,12453,12456,12458
12472,12474,12475,12477,12478,12478,12479,12480,12480,12481,12481,12480,12479,12476,12472,12471,12469,12466,12460,12452,12443,12433,12422,12408,12394,12378,12364,12353,12346,12341,12338,12336,12335,12336,12337,12341,12346,12353,12363,12374,12382,12390,12397,12405,12414,12423,12431,12440,12448,12453,12454,12456,12457,12458,12459,12460,12461,12461,12461,12460,12459,12457,12455,12453,12452,12452,12450,12449,12446,12446,12445,12442,12439,12442,12442,12444,12444,12444,12447,12451,12454,12456,12458,12459,12459,12457,12454,12452,12449,12446,12443,12439,12436,12432,12429,12426,12424,12421,12420,12418,12417,12417,12418,12420,12422,12425,12428,12432,12436,12441,12445,12448,12451
12461,12465,12467,12469,12471,12473,12473,12474,12475,12476,12476,12476,12474,12471,12468,12466,12464,12459,12453,12444,12434,12424,12411,12396,12380,12365,12353,12344,12338,12333,12331,12329,12328,12327,12327,12330,12333,12339,12346,12357,12368,12379,12387,12395,12402,12412,12422,12430,12439,12445,12449,12450,12451,12452,12453,12454,12455,12455,12455,12454,12453,12451,12448,12446,12445,12444,12440,12440,12438,12434,12432,12431,12433,12433,12434,12436,12437,12438,12440,12444,12448,12451,12453,12453,12453,12452,12450,12447,12443,12438,12434,12430,12426,12422,12419,12416,12413,12411,12409,12407,12406,12405,12406,12407,12410,12412,12416,12420,12425,12429,12434,12438,12442
12449,12453,12457,12460,12463,12465,12467,12468,12469,12470,12470,12470,12468,12466,12463,12460,12457,12451,12444,12435,12426,12414,12400,12384,12369,12355,12345,12337,12332,12328,12325,12322,12320,12319,12319,12319,12322,12326,12333,12342,12352,12364,12376,12385,12393,12401,12411,12421,12429,12436,12441,12443,12444,12445,12447,12448,12448,12448,12447,12446,12445,12444,12441,12438,12435,12433,12431,12424,12427,12421,12425,12421,12423,12422,12425,12427,12429,12430,12433,12437,12442,12446,12448,12449,12448,12447,12444,12440,12435,12431,12426,12422,12417,12413,12409,12406,12402,12400,12397,12395,12393,12393,12393,12394,12396,12399,12403,12407,12412,12417,12421,12426,12431
12434,12439,12444,12448,12452,12455,12457,12459,12461,12463,12463,12463,12462,12459,12457,12454,12449,12443,12435,12426,12415,12404,12390,12375,12360,12347,12338,12331,12327,12323,12319,12315,12312,12309,12308,12308,12310,12313,12319,12327,12338,12349,12361,12373,12382,12390,12400,12411,12420,12427,12432,12436,12438,12439,12440,12440,12440,12440,12439,12438,12437,12434,12432,12431,12425,12416,12419,12412,12414,12407,12408,12407,12410,12410,12413,12417,12420,12423,12426,12430,12435,12440,12442,12443,12443,12441,12438,12434,12428,12425,12419,12414,12409,12404,12400,12396,12392,12388,12385,12383,12381,12380,12380,12380,12382,12384,12388,12392,12397,12402,12407,12413,12418
12414,12422,12429,12435,12439,12443,12446,12449,12451,12453,12454,12454,12453,12451,12449,12445,12440,12434,12427,12418,12408,12393,12380,12366,12352,12341,12333,12327,12321,12316,12311,12306,12301,12297,12295,12295,12296,12300,12305,12312,12323,12335,12346,12358,12369,12379,12389,12400,12409,12417,12422,12426,12429,12430,12430,12430,12429,12430,12429,12428,12426,12422,12419,12415,12410,12411,12398,12396,12395,12390,12390,12390,12394,12397,12401,12406,12410,12415,12420,12424,12428,12433,12436,12438,12437,12435,12432,12427,12422,12418,12412,12406,12400,12395,12390,12385,12380,12376,12373,12370,12367,12366,12366,12366,12367,12370,12373,12377,12382,12387,12393,12398,12403
12393,12402,12410,12418,12423,12428,12432,12436,12439,12442,12443,12443,12442,12441,12439,12436,12431,12424,12417,12409,12398,12384,12371,12358,12346,12336,12328,12321,12316,12310,12303,12297,12290,12284,12279,12278,12279,12284,12290,12297,12306,12318,12332,12344,12356,12367,12378,12389,12397,12404,12410,12414,12417,12418,12419,12418,12419,12419,12419,12417,12413,12408,12406,12403,12398,12389,12387,12380,12376,12371,12371,12372,12378,12383,12388,12394,12400,12407,12413,12417,12422,12427,12430,12432,12431,12429,12426,12422,12416,12411,12405,12398,12392,12386,12380,12374,12368,12363,12359,12355,12353,12352,12352,12352,12354,12356,12358,12361,12366,12372,12377,12383,12388
12370,12380,12390,12398,12405,12411,12417,12422,12426,12429,12430,12431,12430,12430,12428,12425,12420,12414,12407,12400,12389,12376,12364,12351,12340,12331,12323,12316,12310,12302,12294,12285,12276,12268,12263,12260,12260,12264,12271,12280,12289,12300,12314,12328,12342,12355,12366,12377,12386,12392,12397,12402,12405,12407,12407,12408,12408,12408,12406,12402,12400,12396,12389,12389,12378,12374,12365,12358,12352,12350,12350,12354,12361,12369,12376,12383,12391,12398,12405,12411,12416,12421,12425,12426,12425,12424,12421,12416,12410,12404,12397,12390,12384,12376,12369,12361,12353,12347,12342,12339,12337,12336,12336,12337,12339,12342,12344,12347,12351,12356,12361,12366,12371
12343,12356,12367,12377,12384,12391,12397,12404,12409,12413,12415,12416,12417,12417,12416,12413,12408,12403,12397,12389,12379,12367,12356,12345,12335,12326,12318,12311,12302,12293,12283,12273,12262,12254,12247,12243,12242,12244,12250,12260,12271,12283,12296,12310,12325,12339,12352,12363,12372,12379,12385,12389,12393,12394,12394,12396,12396,12395,12391,12387,12384,12380,12371,12368,12355,12347,12338,12331,12327,12328,12332,12338,12346,12355,12365,12373,12383,12391,12399,12405,12411,12416,12419,12421,12421,12419,12415,12410,12404,12397,12389,12382,12374,12365,12355,12344,12335,12328,12323,12319,12318,12318,12319,12321,12323,12327,12330,12334,12337,12341,12346,12350,12354
12315,12328,12340,12351,12361,12368,12377,12385,12391,12395,12398,12401,12402,12403,12402,12399,12395,12391,12386,12378,12369,12359,12349,12339,12329,12321,12312,12304,12295,12284,12273,12261,12250,12241,12234,12229,12227,12228,12231,12239,12251,12264,12278,12292,12307,12322,12335,12348,12358,12365,12372,12376,12379,12380,12381,12382,12381,12379,12373,12374,12367,12361,12354,12344,12335,12325,12314,12305,12303,12304,12314,12323,12331,12343,12354,12364,12375,12384,12393,12400,12406,12411,12415,12416,12416,12414,12410,12404,12397,12389,12382,12373,12363,12350,12337,12324,12314,12305,12299,12296,12295,12296,12298,12302,12306,12312,12316,12320,12324,12327,12331,12334,12337
12287,12300,12312,12325,12334,12344,12355,12365,12372,12377,12380,12383,12384,12385,12386,12384,12382,12378,12373,12367,12359,12350,12342,12332,12323,12315,12307,12297,12287,12276,12263,12250,12239,12230,12223,12218,12215,12214,12216,12221,12230,12244,12259,12275,12290,12305,12320,12332,12342,12351,12358,12362,12364,12365,12367,12367,12367,12362,12360,12357,12346,12340,12331,12323,12308,12298,12290,12282,12283,12288,12296,12310,12321,12333,12347,12358,12369,12379,12388,12395,12403,12407,12411,12413,12412,12409,12404,12397,12391,12382,12374,12363,12350,12334,12318,12303,12290,12280,12273,12269,12268,12270,12274,12280,12287,12294,12301,12307,12312,12316,12318,12320,12321
12257,12268,12281,12295,12306,12317,12330,12342,12350,12355,12359,12361,12364,12366,12368,12369,12367,12364,12360,12355,12349,12341,12334,12325,12317,12309,12300,12291,12280,12267,12254,12241,12230,12221,12214,12209,12205,12203,12203,12206,12214,12225,12239,12256,12272,12288,12302,12315,12327,12335,12342,12346,12348,12350,12352,12352,12350,12343,12344,12335,12328,12319,12310,12302,12285,12276,12268,12265,12265,12273,12283,12297,12310,12326,12342,12355,12363,12374,12384,12392,12399,12404,12408,12409,12407,12403,12398,12392,12385,12375,12364,12350,12334,12315,12296,12279,12264,12252,12243,12238,12237,12240,12245,12254,12264,12274,12284,12292,12299,12304,12307,12309,12309
12225,12238,12251,12265,12279,12290,12303,12316,12324,12329,12334,12339,12343,12347,12350,12351,12351,12348,12345,12342,12337,12332,12325,12318,12311,12303,12294,12284,12273,12260,12247,12234,12223,12215,12208,12202,12198,12194,12193,12195,12199,12208,12221,12237,12253,12269,12284,12297,12308,12318,12324,12329,12332,12335,12335,12335,12331,12327,12327,12310,12309,12298,12289,12278,12267,12260,12254,12254,12256,12262,12276,12290,12305,12321,12342,12354,12361,12370,12380,12391,12397,12402,12404,12404,12402,12398,12392,12386,12377,12366,12353,12336,12315,12293,12272,12252,12234,12219,12208,12202,12201,12204,12212,12224,12237,12251,12264,12275,12284,12291,12295,12297,12297
12198,12208,12221,12235,12250,12263,12276,12291,12299,12304,12310,12316,12322,12326,12329,12331,12332,12331,12330,12328,12326,12321,12316,12311,12304,12297,12288,12278,12266,12254,12240,12228,12218,12210,12203,12197,12192,12189,12186,12186,12189,12195,12204,12218,12235,12251,12265,12278,12290,12299,12307,12312,12314,12318,12317,12316,12309,12310,12302,12294,12284,12276,12268,12261,12254,12248,12246,12246,12249,12254,12270,12286,12300,12315,12337,12348,12359,12369,12380,12390,12399,12401,12400,12399,12397,12392,12387,12380,12369,12356,12340,12319,12295,12271,12247,12223,12202,12183,12169,12160,12158,12163,12174,12189,12206,12225,12242,12257,12269,12277,12283,12286,12285
12174,12183,12193,12204,12218,12232,12244,12258,12269,12276,12281,12287,12294,12300,12305,12309,12312,12314,12314,12314,12312,12310,12307,12302,12297,12290,12282,12272,12261,12248,12235,12223,12214,12206,12199,12193,12188,12185,12182,12181,12181,12185,12193,12202,12217,12232,12247,12260,12272,12281,12288,12293,12296,12297,12296,12293,12290,12290,12274,12275,12264,12257,12249,12246,12242,12238,12239,12240,12245,12249,12262,12284,12299,12309,12330,12343,12356,12368,12376,12389,12397,12394,12394,12394,12391,12386,12381,12373,12360,12344,12325,12301,12275,12247,12220,12192,12166,12143,12125,12113,12110,12115,12129,12149,12172,12196,12218,12237,12252,12263,12271,12274,12274
12149,12159,12167,12176,12188,12200,12210,12222,12235,12244,12252,12260,12267,12275,12282,12288,12292,12295,12297,12298,12299,12298,12297,12294,12289,12284,12276,12267,12256,12244,12231,12220,12211,12203,12196,12191,12186,12182,12179,12177,12177,12179,12183,12191,12202,12215,12229,12242,12253,12262,12268,12272,12275,12275,12274,12272,12268,12265,12256,12253,12248,12241,12235,12235,12233,12230,12230,12233,12239,12246,12253,12277,12295,12306,12322,12336,12351,12365,12372,12384,12394,12387,12389,12389,12386,12381,12375,12364,12349,12332,12309,12283,12254,12223,12191,12160,12128,12099,12074,12059,12055,12063,12081,12106,12134,12163,12191,12216,12235,12249,12258,12263,12263
12132,12135,12143,12151,12159,12169,12179,12189,12201,12212,12222,12232,12240,12250,12258,12264,12270,12275,12279,12282,12285,12286,12286,12285,12282,12277,12270,12261,12251,12240,12228,12217,12208,12201,12194,12188,12184,12180,12178,12175,12174,12176,12178,12183,12191,12201,12212,12223,12234,12242,12247,12252,12252,12253,12252,12248,12245,12241,12236,12233,12231,12225,12224,12225,12224,12223,12222,12226,12231,12241,12248,12266,12290,12301,12314,12328,12346,12360,12365,12375,12383,12381,12384,12384,12380,12375,12367,12354,12338,12318,12293,12265,12233,12198,12163,12125,12086,12049,12019,11998,11992,12002,12027,12060,12095,12130,12164,12193,12216,12234,12246,12252,12253
12119,12120,12122,12127,12133,12143,12152,12162,12172,12182,12192,12203,12212,12222,12232,12240,12248,12255,12261,12266,12270,12273,12274,12274,12273,12269,12264,12256,12247,12237,12226,12215,12206,12200,12193,12187,12182,12178,12176,12175,12173,12173,12175,12178,12184,12191,12199,12208,12216,12222,12227,12230,12232,12229,12230,12225,12222,12217,12217,12212,12210,12208,12209,12210,12211,12212,12213,12217,12222,12235,12244,12259,12278,12296,12307,12321,12339,12356,12361,12368,12372,12375,12378,12378,12374,12368,12358,12344,12327,12305,12278,12247,12212,12174,12134,12090,12042,11999,11964,11939,11935,11947,11974,12012,12055,12097,12136,12169,12197,12219,12234,12242,12244
12105,12103,12104,12106,12109,12115,12123,12134,12145,12156,12166,12177,12187,12197,12208,12218,12227,12235,12242,12249,12255,12259,12262,12263,12263,12261,12257,12251,12243,12233,12223,12214,12205,12198,12191,12185,12180,12177,12174,12173,12172,12172,12172,12175,12178,12183,12189,12195,12201,12204,12210,12208,12212,12207,12208,12203,12201,12197,12195,12191,12188,12189,12192,12194,12196,12199,12204,12207,12213,12225,12237,12253,12267,12287,12300,12314,12329,12345,12354,12359,12363,12368,12371,12371,12368,12360,12349,12334,12315,12292,12264,12231,12193,12151,12107,12056,12003,11955,11915,11892,11889,11901,11930,11971,12018,12065,12110,12147,12178,12204,12221,12232,12235
12098,12089,12084,12084,12085,12089,12095,12104,12114,12126,12138,12150,12161,12172,12183,12194,12204,12214,12223,12230,12237,12243,12247,12250,12252,12251,12249,12245,12238,12230,12221,12212,12204,12196,12190,12184,12179,12175,12172,12171,12170,12170,12171,12172,12174,12177,12181,12184,12188,12190,12193,12191,12192,12188,12188,12182,12180,12176,12176,12172,12168,12169,12173,12176,12179,12183,12189,12195,12201,12212,12226,12243,12261,12275,12292,12306,12320,12336,12346,12351,12354,12360,12364,12364,12360,12352,12339,12324,12304,12280,12251,12216,12176,12131,12083,12027,11971,11920,11879,11857,11854,11866,11895,11938,11987,12037,12085,12127,12159,12188,12210,12222,12227
12094,12082,12071,12064,12061,12063,12067,12074,12084,12095,12107,12120,12133,12145,12156,12167,12179,12189,12200,12210,12218,12225,12231,12236,12239,12240,12240,12238,12233,12226,12219,12210,12202,12195,12188,12183,12177,12172,12169,12167,12166,12166,12167,12169,12170,12172,12174,12175,12177,12178,12177,12176,12174,12171,12167,12161,12160,12154,12157,12154,12148,12146,12147,12152,12158,12165,12171,12179,12187,12198,12213,12230,12249,12266,12281,12297,12310,12325,12335,12340,12345,12351,12355,12356,12351,12342,12330,12314,12293,12268,12238,12202,12161,12114,12063,12004,11947,11895,11854,11833,11830,11842,11869,11911,11962,12014,12063,12109,12143,12174,12198,12213,12220
12091,12076,12063,12051,12043,12039,12039,12043,12051,12062,12073,12086,12099,12113,12126,12139,12151,12163,12174,12184,12195,12205,12213,12219,12224,12228,12229,12229,12226,12222,12215,12208,12201,12193,12187,12181,12175,12170,12166,12163,12162,12162,12162,12163,12164,12165,12166,12166,12165,12165,12161,12161,12154,12152,12145,12139,12136,12131,12133,12128,12122,12121,12121,12125,12132,12142,12151,12160,12171,12182,12196,12215,12232,12254,12270,12285,12300,12314,12323,12329,12334,12341,12345,12346,12341,12333,12320,12304,12283,12258,12227,12191,12148,12100,12048,11988,11931,11879,11838,11819,11816,11828,11853,11893,11945,11997,12045,12093,12128,12160,12186,12204,12213
12089,12072,12055,12041,12030,12022,12017,12017,12021,12030,12041,12052,12065,12077,12091,12105,12118,12132,12145,12157,12169,12180,12190,12200,12207,12212,12216,12218,12218,12215,12211,12205,12198,12192,12185,12179,12174,12168,12163,12158,12156,12155,12155,12155,12156,12156,12156,12154,12152,12150,12144,12142,12133,12130,12120,12113,12107,12102,12099,12096,12092,12094,12095,12098,12104,12115,12125,12137,12149,12163,12177,12196,12215,12236,12259,12276,12289,12298,12311,12318,12325,12330,12334,12334,12330,12322,12310,12295,12274,12249,12218,12181,12139,12090,12037,11979,11922,11870,11831,11813,11810,11821,11845,11882,11933,11986,12033,12080,12115,12148,12175,12194,12206
12086,12068,12051,12035,12021,12009,12002,11997,11997,12000,12008,12019,12032,12044,12057,12070,12084,12097,12110,12125,12139,12152,12164,12176,12186,12194,12200,12205,12207,12207,12204,12200,12195,12189,12183,12177,12171,12165,12160,12154,12150,12147,12146,12145,12145,12144,12143,12139,12137,12132,12126,12120,12109,12105,12091,12084,12074,12067,12061,12060,12058,12062,12061,12067,12073,12084,12097,12111,12124,12139,12155,12174,12197,12214,12239,12261,12275,12285,12295,12305,12314,12319,12322,12322,12318,12311,12301,12285,12265,12239,12209,12173,12131,12083,12032,11975,11919,11868,11830,11814,11811,11821,11845,11880,11926,11981,12026,12068,12104,12137,12165,12185,12198
12082,12064,12047,12030,12016,12002,11992,11984,11980,11980,11982,11988,11998,12009,12021,12034,12048,12062,12076,12090,12105,12120,12134,12148,12161,12172,12182,12189,12194,12196,12196,12194,12190,12185,12180,12174,12168,12163,12157,12151,12145,12141,12137,12135,12133,12131,12128,12123,12120,12108,12103,12093,12082,12073,12057,12051,12034,12031,12016,12022,12017,12027,12024,12032,12040,12052,12066,12081,12097,12113,12131,12149,12173,12195,12215,12240,12257,12270,12280,12291,12299,12306,12310,12310,12307,12301,12290,12275,12255,12231,12201,12167,12126,12081,12032,11977,11922,11873,11837,11821,11819,11828,11851,11884,11927,11979,12022,12059,12094,12128,12155,12176,12191
12076,12059,12042,12026,12011,11998,11987,11978,11971,11967,11967,11968,11972,11978,11987,11997,12008,12022,12038,12053,12068,12084,12100,12116,12132,12147,12159,12170,12177,12182,12185,12185,12183,12180,12176,12171,12165,12160,12154,12147,12141,12135,12130,12126,12122,12118,12113,12106,12099,12086,12080,12066,12055,12041,12027,12017,12000,11999,11975,11985,11977,11993,11990,11998,12006,12018,12033,12050,12068,12086,12105,12125,12147,12172,12192,12215,12235,12252,12266,12275,12285,12290,12296,12297,12294,12289,12279,12265,12246,12222,12195,12162,12124,12080,12035,11983,11931,11884,11849,11834,11833,11841,11860,11891,11931,11976,12019,12051,12084,12119,12146,12167,12183
12066,12049,12034,12020,12006,11993,11983,11974,11966,11960,11956,11955,11955,11957,11961,11967,11976,11986,11999,12014,12030,12047,12064,12082,12100,12117,12133,12146,12158,12166,12171,12174,12174,12173,12170,12167,12162,12156,12150,12144,12137,12131,12125,12119,12114,12108,12100,12091,12080,12069,12058,12042,12030,12013,11999,11982,11967,11961,11940,11944,11938,11958,11957,11966,11975,11986,12002,12019,12038,12057,12078,12099,12121,12146,12169,12191,12213,12230,12246,12259,12268,12274,12280,12282,12280,12275,12266,12253,12236,12214,12188,12158,12122,12082,12040,11992,11944,11900,11866,11849,11849,11858,11873,11903,11937,11978,12016,12047,12077,12110,12136,12158,12174
12050,12035,12022,12010,11998,11988,11978,11969,11962,11955,11950,11946,11943,11941,11942,11944,11949,11956,11966,11978,11994,12011,12027,12046,12065,12084,12103,12119,12134,12146,12154,12160,12163,12163,12162,12160,12157,12152,12146,12140,12133,12126,12120,12113,12106,12098,12088,12077,12064,12052,12038,12020,12006,11987,11968,11951,11931,11917,11908,11904,11900,11921,11923,11934,11944,11957,11973,11990,12008,12028,12049,12072,12094,12118,12143,12167,12188,12208,12225,12239,12249,12257,12261,12264,12264,12260,12252,12241,12225,12206,12182,12153,12121,12085,12047,12003,11959,11918,11885,11867,11866,11875,11891,11914,11945,11982,12016,12043,12069,12101,12126,12147,12164
12027,12015,12004,11995,11986,11978,11970,11962,11955,11949,11942,11937,11932,11928,11926,11925,11926,11930,11936,11946,11959,11975,11992,12009,12029,12049,12069,12089,12106,12121,12134,12142,12148,12151,12152,12152,12150,12146,12141,12135,12129,12121,12114,12106,12098,12089,12075,12063,12049,12034,12018,11997,11979,11956,11935,11916,11893,11880,11872,11870,11868,11887,11892,11904,11915,11929,11945,11963,11980,12000,12021,12044,12066,12090,12115,12140,12162,12183,12201,12217,12229,12238,12242,12246,12246,12243,12237,12227,12214,12196,12174,12148,12119,12087,12053,12015,11974,11937,11906,11886,11883,11889,11905,11925,11953,11984,12014,12039,12063,12091,12115,12135,12152
11997,11987,11980,11974,11968,11963,11957,11951,11945,11939,11933,11927,11921,11915,11910,11907,11905,11906,11909,11916,11926,11939,11956,11974,11993,12013,12035,12056,12076,12094,12109,12121,12130,12136,12140,12141,12140,12138,12134,12129,12123,12115,12107,12098,12089,12076,12063,12049,12034,12016,11997,11977,11953,11927,11904,11880,11858,11849,11839,11839,11842,11855,11863,11876,11888,11903,11919,11937,11955,11973,11993,12015,12038,12062,12085,12111,12135,12156,12176,12192,12207,12217,12224,12226,12227,12225,12221,12213,12201,12185,12164,12141,12116,12088,12059,12025,11989,11955,11927,11905,11899,11905,11918,11935,11957,11983,12009,12033,12056,12080,12102,12122,12138
11960,11953,11948,11945,11943,11942,11939,11936,11931,11926,11920,11914,11907,11900,11894,11889,11885,11883,11884,11888,11895,11906,11920,11937,11957,11978,11999,12022,12043,12063,12081,12097,12109,12118,12124,12127,12128,12128,12125,12121,12115,12107,12099,12089,12079,12066,12050,12034,12017,11999,11979,11952,11929,11901,11872,11848,11827,11819,11814,11813,11818,11827,11837,11851,11864,11879,11895,11912,11930,11947,11966,11987,12010,12034,12056,12081,12106,12129,12149,12167,12182,12193,12200,12205,12206,12205,12201,12196,12185,12170,12153,12133,12112,12088,12062,12034,12002,11972,11945,11924,11914,11918,11928,11942,11958,11980,12002,12023,12045,12067,12087,12106,12122
11922,11916,11913,11912,11912,11913,11914,11914,11913,11909,11904,11899,11892,11884,11877,11870,11865,11861,11859,11861,11865,11874,11886,11901,11919,11940,11963,11985,12009,12031,12051,12069,12084,12096,12105,12111,12114,12115,12114,12110,12105,12098,12090,12079,12068,12054,12037,12019,12002,11982,11958,11934,11901,11870,11841,11822,11805,11797,11796,11795,11799,11806,11816,11830,11843,11857,11873,11890,11907,11923,11940,11960,11982,12005,12027,12051,12075,12098,12120,12139,12155,12168,12179,12183,12184,12183,12180,12175,12167,12155,12140,12124,12106,12085,12063,12039,12012,11985,11961,11941,11928,11926,11933,11945,11955,11974,11994,12012,12031,12051,12070,12087,12102
11879,11876,11875,11876,11878,11881,11885,11887,11888,11887,11884,11880,11874,11866,11859,11851,11844,11839,11835,11835,11837,11843,11852,11865,11882,11902,11924,11948,11972,11997,12020,12039,12056,12071,12083,12091,12097,12099,12100,12098,12093,12087,12079,12068,12056,12042,12026,12007,11987,11963,11937,11910,11879,11850,11824,11802,11791,11782,11780,11780,11784,11791,11800,11812,11824,11838,11852,11869,11885,11900,11916,11934,11954,11976,11998,12020,12044,12066,12088,12108,12125,12139,12150,12157,12160,12160,12159,12155,12147,12138,12126,12113,12097,12079,12061,12040,12018,11994,11972,11953,11940,11931,11934,11945,11954,11962,11978,11997,12016,12032,12048,12064,12079
11827,11829,11832,11836,11840,11845,11851,11856,11859,11860,11860,11857,11852,11845,11838,11830,11823,11817,11812,11809,11809,11813,11820,11831,11846,11864,11885,11908,11934,11960,11985,12008,12027,12043,12057,12069,12077,12082,12083,12083,12080,12074,12066,12057,12044,12029,12013,11991,11973,11950,11925,11894,11863,11833,11809,11790,11775,11767,11763,11764,11768,11775,11785,11796,11808,11820,11833,11849,11864,11878,11892,11909,11927,11947,11968,11990,12013,12034,12056,12074,12092,12107,12118,12126,12131,12134,12134,12132,12127,12118,12109,12098,12085,12070,12054,12037,12018,11998,11979,11961,11946,11937,11931,11934,11945,11955,11962,11974,11989,12007,12023,12038,12052
11764,11769,11777,11787,11798,11805,11813,11821,11827,11831,11832,11831,11827,11822,11815,11807,11800,11793,11787,11783,11781,11783,11788,11797,11810,11826,11846,11869,11894,11920,11947,11973,11996,12014,12030,12043,12053,12061,12065,12066,12064,12060,12053,12043,12032,12017,12001,11980,11960,11933,11907,11877,11849,11821,11799,11778,11764,11755,11751,11751,11754,11761,11771,11782,11794,11804,11816,11830,11843,11856,11869,11884,11901,11919,11939,11960,11983,12003,12023,12040,12057,12072,12084,12093,12099,12103,12105,12103,12100,12094,12087,12078,12068,12056,12042,12027,12012,11996,11980,11964,11949,11937,11930,11926,11926,11935,11946,11955,11965,11975,11988,12002,12016
11708,11714,11723,11735,11748,11762,11774,11783,11792,11798,11802,11803,11800,11796,11790,11782,11775,11768,11762,11757,11754,11754,11757,11764,11774,11789,11808,11829,11854,11880,11908,11935,11961,11983,12001,12016,12028,12038,12044,12047,12047,12043,12037,12029,12017,12003,11987,11966,11946,11922,11897,11868,11838,11812,11790,11770,11755,11745,11741,11740,11743,11748,11759,11770,11780,11789,11801,11813,11824,11835,11848,11861,11876,11894,11912,11930,11951,11970,11988,12004,12020,12033,12045,12055,12063,12069,12073,12073,12070,12067,12061,12055,12047,12038,12026,12013,12000,11987,11973,11959,11946,11935,11925,11919,11915,11913,11918,11929,11938,11947,11957,11967,11977
11660,11666,11676,11688,11702,11717,11732,11745,11755,11763,11769,11772,11771,11768,11763,11757,11749,11742,11736,11730,11727,11725,11726,11731,11740,11753,11769,11790,11813,11839,11867,11895,11923,11948,11970,11987,12001,12013,12021,12025,12027,12025,12021,12013,12003,11990,11974,11955,11932,11908,11882,11855,11828,11803,11780,11762,11747,11737,11732,11731,11733,11738,11747,11757,11766,11775,11787,11797,11807,11817,11827,11839,11852,11869,11886,11903,11920,11938,11954,11968,11981,11994,12006,12015,12024,12030,12034,12036,12036,12035,12031,12027,12021,12013,12004,11994,11982,11972,11960,11950,11937,11926,11916,11908,11902,11898,11896,11896,11901,11909,11918,11927,11936
11618,11625,11635,11647,11661,11677,11692,11707,11719,11728,11735,11740,11741,11739,11735,11730,11723,11716,11709,11704,11699,11697,11697,11700,11707,11718,11732,11751,11773,11798,11826,11855,11883,11910,11935,11956,11973,11986,11996,12002,12006,12005,12002,11996,11987,11975,11960,11940,11920,11896,11872,11845,11819,11794,11773,11755,11740,11731,11725,11723,11724,11728,11735,11745,11752,11761,11772,11781,11790,11798,11807,11817,11829,11841,11857,11873,11886,11901,11914,11928,11941,11953,11964,11974,11982,11989,11993,11996,11998,11998,11997,11994,11990,11984,11977,11969,11959,11950,11940,11932,11921,11911,11901,11892,11885,11879,11875,11873,11871,11873,11876,11882,11889
11581,11589,11599,11612,11626,11641,11657,11672,11685,11695,11703,11708,11710,11709,11706,11701,11695,11689,11683,11677,11672,11669,11669,11670,11676,11684,11697,11714,11734,11759,11785,11814,11843,11872,11899,11923,11943,11958,11969,11978,11982,11983,11982,11977,11969,11956,11943,11928,11906,11885,11859,11835,11811,11788,11767,11749,11734,11725,11718,11716,11716,11720,11725,11735,11741,11748,11758,11765,11774,11781,11788,11796,11806,11815,11825,11837,11851,11864,11876,11888,11900,11911,11921,11930,11938,11945,11951,11955,11959,11959,11959,11957,11955,11951,11945,11939,11932,11924,11916,11908,11899,11890,11881,11872,11864,11857,11852,11847,11844,11842,11842,11843,11846
11550,11557,11568,11581,11596,11611,11626,11641,11654,11665,11673,11678,11680,11680,11678,11673,11668,11662,11656,11650,11646,11642,11641,11642,11646,11653,11664,11679,11698,11720,11746,11774,11803,11833,11861,11887,11910,11928,11942,11952,11957,11961,11960,11956,11950,11942,11929,11912,11892,11870,11848,11826,11801,11781,11760,11742,11729,11719,11713,11710,11709,11713,11717,11724,11730,11736,11743,11749,11756,11762,11769,11776,11783,11790,11799,11807,11816,11826,11837,11849,11859,11870,11879,11887,11894,11900,11906,11909,11912,11914,11915,11914,11913,11910,11906,11902,11896,11890,11884,11878,11871,11863,11855,11847,11839,11832,11826,11820,11815,11812,11809,11808,11807
11524,11531,11541,11554,11569,11584,11599,11613,11626,11637,11645,11650,11652,11652,11650,11646,11641,11635,11630,11624,11620,11617,11615,11616,11619,11625,11634,11647,11663,11685,11709,11736,11765,11795,11824,11851,11875,11896,11912,11924,11932,11937,11936,11936,11929,11922,11910,11896,11878,11859,11835,11814,11794,11773,11753,11736,11723,11713,11707,11703,11703,11705,11709,11713,11719,11724,11729,11733,11738,11743,11748,11754,11760,11765,11770,11777,11784,11792,11800,11809,11817,11826,11834,11841,11848,11853,11858,11862,11865,11868,11869,11869,11869,11867,11865,11862,11858,11854,11849,11844,11838,11832,11824,11817,11810,11803,11797,11791,11785,11781,11777,11774,11771
11504,11511,11521,11533,11547,11562,11576,11590,11602,11612,11619,11624,11626,11626,11624,11620,11616,11610,11605,11600,11595,11592,11590,11591,11593,11598,11607,11618,11633,11652,11675,11701,11729,11758,11787,11815,11840,11863,11881,11896,11907,11912,11914,11913,11911,11903,11892,11880,11861,11843,11825,11806,11785,11765,11746,11730,11717,11707,11700,11697,11695,11695,11699,11703,11706,11710,11714,11716,11719,11722,11726,11730,11734,11738,11742,11746,11750,11755,11760,11767,11773,11781,11787,11792,11798,11802,11806,11810,11813,11815,11818,11818,11819,11818,11817,11815,11813,11810,11807,11804,11800,11795,11790,11784,11778,11772,11766,11760,11754,11749,11745,11741,11737
11491,11497,11506,11518,11530,11544,11557,11570,11581,11590,11597,11601,11603,11602,11600,11597,11592,11587,11582,11577,11572,11569,11568,11568,11570,11575,11582,11593,11607,11624,11645,11670,11696,11724,11752,11779,11805,11829,11849,11867,11879,11884,11890,11891,11888,11882,11874,11862,11847,11831,11813,11794,11774,11755,11738,11723,11710,11700,11693,11688,11686,11686,11687,11689,11692,11694,11696,11697,11699,11701,11702,11704,11707,11709,11712,11714,11717,11720,11723,11727,11731,11736,11740,11744,11747,11750,11753,11756,11759,11760,11763,11764,11765,11766,11765,11766,11766,11766,11765,11763,11760,11757,11753,11749,11744,11740,11734,11729,11724,11719,11714,11709,11705
11485,11490,11498,11508,11520,11532,11544,11555,11565,11572,11577,11580,11581,11580,11578,11574,11570,11565,11560,11555,11551,11548,11547,11547,11550,11555,11562,11572,11585,11601,11620,11642,11667,11693,11719,11745,11771,11795,11818,11837,11849,11857,11864,11867,11866,11862,11854,11844,11830,11816,11799,11781,11762,11745,11729,11714,11702,11692,11684,11679,11675,11672,11672,11672,11673,11675,11675,11676,11676,11676,11677,11678,11678,11679,11680,11681,11682,11684,11686,11688,11690,11693,11696,11698,11700,11703,11705,11707,11709,11711,11713,11715,11716,11718,11717,11719,11721,11722,11722,11721,11720,11719,11717,11715,11712,11708,11703,11699,11694,11689,11684,11680,11675
11485,11489,11496,11505,11515,11525,11535,11544,11551,11557,11561,11562,11562,11561,11558,11554,11550,11545,11540,11536,11532,11530,11529,11530,11533,11538,11545,11554,11567,11582,11599,11619,11641,11665,11689,11714,11739,11764,11786,11804,11819,11831,11839,11842,11843,11840,11834,11824,11812,11799,11783,11767,11750,11734,11718,11705,11693,11682,11674,11668,11663,11660,11657,11655,11653,11652,11652,11652,11652,11651,11650,11649,11648,11647,11647,11647,11647,11648,11648,11650,11651,11652,11654,11655,11656,11658,11660,11661,11663,11665,11666,11669,11669,11672,11671,11675,11678,11680,11681,11682,11682,11683,11683,11682,11680,11678,11674,11670,11666,11661,11657,11652,11647
11491,11495,11500,11507,11514,11522,11529,11536,11541,11545,11546,11547,11546,11543,11540,11536,11531,11527,11523,11519,11517,11515,11515,11517,11520,11525,11532,11541,11553,11566,11582,11600,11620,11641,11663,11686,11711,11734,11754,11773,11790,11804,11813,11817,11819,11818,11812,11803,11793,11781,11767,11751,11736,11721,11707,11694,11682,11672,11663,11656,11650,11645,11641,11638,11636,11633,11631,11629,11627,11625,11623,11620,11618,11616,11615,11614,11613,11612,11612,11612,11613,11613,11614,11614,11616,11617,11618,11620,11621,11623,11624,11627,11626,11630,11630,11635,11638,11641,11644,11646,11648,11650,11652,11652,11651,11650,11647,11644,11640,11636,11632,11627,11622
11502,11503,11507,11511,11516,11521,11526,11530,11532,11534,11534,11533,11531,11528,11524,11521,11516,11512,11508,11505,11503,11504,11505,11507,11511,11516,11523,11532,11543,11555,11569,11585,11603,11622,11643,11664,11685,11707,11727,11746,11764,11779,11788,11794,11795,11794,11790,11783,11774,11762,11749,11735,11721,11707,11694,11682,11671,11660,11651,11643,11636,11631,11625,11621,11617,11613,11610,11607,11603,11600,11597,11594,11592,11589,11587,11585,11583,11582,11581,11580,11580,11579,11580,11580,11580,11581,11582,11584,11584,11586,11586,11589,11588,11593,11593,11600,11603,11607,11612,11615,11618,11622,11624,11626,11626,11625,11623,11621,11617,11614,11610,11605,11600
11514,11514,11515,11517,11519,11522,11523,11525,11525,11524,11523,11521,11518,11514,11511,11506,11502,11499,11496,11494,11493,11495,11497,11500,11505,11510,11517,11527,11537,11547,11560,11575,11593,11610,11627,11645,11663,11684,11705,11723,11740,11752,11761,11767,11771,11771,11768,11762,11753,11743,11731,11718,11705,11693,11681,11669,11657,11647,11637,11629,11622,11615,11609,11604,11599,11594,11590,11585,11581,11577,11573,11570,11566,11563,11561,11558,11556,11554,11553,11552,11551,11551,11551,11551,11551,11552,11552,11554,11554,11556,11556,11559,11559,11564,11566,11572,11576,11581,11585,11589,11594,11598,11601,11603,11604,11604,11603,11601,11598,11594,11590,11586,11581
11524,11523,11522,11521,11521,11521,11520,11519,11517,11515,11512,11509,11506,11502,11499,11495,11492,11489,11487,11486,11486,11488,11492,11496,11501,11507,11515,11524,11535,11545,11558,11573,11588,11602,11615,11630,11648,11667,11685,11701,11715,11727,11737,11743,11747,11748,11746,11740,11732,11722,11712,11700,11689,11677,11666,11654,11643,11633,11623,11614,11606,11599,11593,11587,11581,11575,11570,11565,11560,11555,11550,11546,11542,11539,11536,11533,11531,11530,11528,11527,11526,11526,11525,11525,11526,11526,11527,11528,11529,11530,11531,11534,11535,11539,11543,11548,11553,11558,11563,11568,11574,11579,11583,11585,11587,11587,11586,11585,11581,11579,11574,11569,11564
11531,11527,11525,11522,11520,11518,11515,11513,11510,11506,11503,11499,11496,11492,11489,11486,11484,11482,11481,11481,11482,11485,11490,11494,11500,11508,11516,11526,11536,11545,11554,11564,11578,11592,11608,11623,11638,11652,11665,11679,11691,11702,11712,11718,11723,11725,11723,11718,11711,11703,11693,11682,11671,11660,11649,11638,11627,11617,11608,11599,11591,11583,11576,11569,11563,11557,11551,11545,11539,11533,11528,11524,11520,11517,11514,11511,11509,11507,11506,11505,11505,11504,11504,11504,11505,11505,11506,11505,11507,11508,11510,11512,11514,11518,11523,11528,11533,11539,11545,11551,11558,11564,11568,11571,11573,11573,11573,11571,11569,11565,11561,11556,11550
11536,11531,11527,11522,11518,11514,11510,11506,11502,11499,11495,11492,11488,11485,11483,11481,11479,11478,11478,11480,11483,11485,11490,11496,11502,11510,11518,11527,11536,11546,11558,11571,11583,11594,11605,11616,11627,11638,11649,11660,11672,11681,11691,11696,11702,11703,11700,11696,11690,11682,11673,11663,11653,11642,11632,11622,11612,11602,11593,11584,11575,11568,11560,11553,11545,11538,11532,11525,11519,11514,11509,11504,11500,11496,11494,11492,11490,11489,11488,11488,11487,11487,11488,11488,11488,11489,11489,11490,11491,11492,11494,11496,11498,11501,11506,11511,11517,11524,11531,11538,11545,11551,11556,11560,11562,11562,11563,11559,11560,11552,11550,11544,11538
11542,11535,11529,11523,11518,11513,11508,11503,11499,11495,11491,11488,11484,11482,11480,11478,11477,11477,11478,11481,11485,11489,11495,11499,11506,11513,11521,11530,11540,11549,11558,11568,11579,11589,11598,11608,11618,11628,11638,11647,11656,11663,11671,11676,11680,11681,11679,11675,11669,11662,11653,11645,11635,11625,11615,11605,11596,11586,11577,11568,11560,11551,11543,11536,11528,11521,11514,11507,11501,11496,11491,11486,11483,11479,11477,11475,11474,11473,11473,11474,11474,11475,11476,11476,11477,11477,11478,11479,11480,11481,11483,11485,11487,11490,11494,11499,11506,11513,11521,11529,11536,11542,11547,11551,11554,11555,11554,11550,11552,11543,11541,11535,11528
11551,11543,11535,11528,11521,11515,11509,11503,11498,11494,11490,11487,11484,11481,11480,11478,11479,11480,11482,11485,11488,11492,11498,11504,11510,11518,11525,11533,11541,11551,11560,11570,11579,11586,11594,11602,11611,11620,11628,11636,11644,11651,11655,11659,11661,11660,11658,11654,11648,11641,11634,11625,11617,11608,11599,11589,11580,11570,11561,11553,11544,11536,11528,11520,11512,11505,11498,11492,11486,11480,11475,11471,11468,11465,11463,11461,11460,11460,11461,11462,11463,11465,11466,11468,11468,11469,11470,11472,11473,11475,11477,11479,11481,11484,11487,11492,11499,11507,11514,11523,11530,11536,11542,11546,11549,11549,11549,11546,11545,11537,11533,11527,11520
11565,11554,11545,11536,11527,11520,11513,11507,11502,11497,11493,11490,11486,11484,11483,11483,11483,11485,11487,11490,11494,11499,11504,11510,11516,11522,11530,11537,11544,11552,11560,11568,11576,11584,11592,11600,11607,11614,11621,11627,11632,11637,11640,11642,11642,11641,11638,11634,11628,11622,11615,11607,11599,11590,11581,11573,11564,11555,11546,11538,11529,11521,11513,11505,11498,11491,11484,11478,11472,11467,11463,11459,11456,11453,11451,11450,11449,11450,11451,11453,11455,11457,11460,11462,11463,11465,11466,11468,11470,11473,11475,11476,11478,11480,11484,11489,11496,11504,11513,11520,11527,11534,11540,11544,11547,11548,11547,11544,11540,11535,11528,11521,11515
11581,11569,11558,11548,11539,11530,11522,11515,11509,11504,11500,11496,11493,11491,11490,11490,11490,11492,11494,11497,11500,11505,11510,11515,11521,11527,11534,11540,11547,11554,11561,11568,11575,11581,11588,11594,11601,11607,11613,11618,11622,11624,11625,11625,11624,11622,11619,11615,11609,11604,11597,11590,11582,11574,11566,11558,11549,11541,11532,11524,11515,11508,11500,11493,11486,11479,11473,11467,11462,11457,11453,11449,11446,11444,11442,11441,11441,11442,11443,11446,11448,11451,11454,11458,11460,11463,11466,11468,11470,11473,11474,11475,11477,11480,11484,11490,11498,11506,11513,11521,11528,11534,11540,11544,11547,11547,11546,11543,11540,11533,11527,11520,11515
11598,11587,11575,11564,11553,11543,11535,11527,11520,11514,11509,11505,11502,11500,11499,11499,11500,11501,11503,11506,11510,11513,11518,11523,11528,11532,11537,11543,11549,11556,11562,11568,11574,11580,11585,11591,11597,11601,11604,11607,11609,11610,11610,11609,11608,11605,11602,11597,11592,11586,11580,11573,11566,11558,11550,11542,11534,11526,11518,11510,11503,11495,11488,11481,11475,11469,11463,11458,11453,11449,11445,11442,11439,11437,11436,11435,11436,11436,11438,11441,11444,11448,11452,11456,11459,11463,11467,11469,11473,11475,11476,11476,11477,11481,11487,11495,11503,11510,11518,11526,11532,11539,11544,11548,11549,11549,11548,11545,11541,11535,11529,11522,11517
11618,11605,11594,11583,11572,11561,11551,11542,11535,11528,11522,11518,11514,11512,11510,11510,11510,11511,11512,11514,11516,11520,11523,11527,11532,11537,11542,11547,11552,11557,11561,11566,11571,11576,11580,11584,11587,11590,11593,11595,11596,11596,11596,11594,11592,11589,11585,11581,11576,11571,11564,11558,11552,11545,11538,11530,11522,11514,11507,11499,11492,11485,11478,11472,11466,11461,11456,11451,11447,11443,11440,11437,11434,11433,11432,11432,11432,11433,11435,11438,11442,11447,11452,11456,11461,11465,11469,11473,11476,11478,11478,11482,11485,11489,11494,11502,11509,11517,11525,11532,11538,11544,11548,11552,11553,11553,11551,11549,11545,11539,11535,11528,11522
11634,11624,11613,11602,11591,11581,11571,11561,11552,11545,11538,11533,11529,11525,11523,11522,11521,11521,11522,11524,11526,11529,11531,11534,11538,11541,11544,11548,11552,11556,11560,11564,11568,11571,11574,11577,11579,11581,11582,11583,11583,11582,11581,11579,11577,11573,11570,11566,11561,11556,11550,11544,11538,11531,11523,11516,11509,11502,11495,11489,11482,11476,11469,11464,11459,11454,11450,11446,11442,11439,11436,11434,11432,11431,11431,11431,11431,11433,11435,11439,11444,11449,11454,11459,11464,11468,11473,11477,11480,11483,11484,11486,11489,11495,11502,11510,11518,11525,11533,11539,11544,11550,11554,11556,11557,11557,11555,11553,11550,11545,11540,11536,11530
11650,11640,11629,11619,11609,11600,11590,11581,11572,11563,11556,11550,11544,11540,11536,11534,11533,11532,11532,11533,11534,11535,11537,11539,11541,11544,11546,11549,11552,11555,11557,11560,11562,11565,11566,11568,11569,11571,11571,11571,11571,11570,11569,11566,11564,11561,11557,11553,11549,11544,11538,11532,11526,11520,11513,11506,11499,11493,11486,11480,11474,11468,11463,11458,11454,11450,11446,11442,11439,11436,11434,11432,11431,11431,11431,11431,11432,11435,11437,11442,11447,11452,11458,11463,11468,11474,11478,11482,11485,11488,11492,11496,11501,11506,11512,11519,11527,11534,11540,11546,11551,11555,11558,11560,11561,11561,11560,11558,11555,11552,11548,11543,11536
11657,11649,11641,11633,11625,11616,11607,11599,11590,11582,11575,11568,11562,11557,11552,11549,11546,11544,11543,11542,11542,11542,11543,11544,11545,11547,11548,11550,11551,11553,11555,11557,11558,11559,11560,11561,11562,11562,11561,11561,11560,11559,11557,11555,11552,11549,11545,11541,11536,11532,11527,11521,11515,11508,11502,11496,11490,11484,11478,11473,11468,11463,11458,11454,11450,11447,11443,11440,11437,11435,11433,11432,11432,11432,11432,11433,11435,11438,11442,11446,11452,11458,11463,11468,11473,11478,11483,11488,11492,11494,11499,11504,11509,11515,11522,11529,11536,11543,11548,11553,11558,11561,11563,11565,11565,11566,11565,11563,11561,11558,11554,11550,11545
11661,11655,11648,11641,11634,11627,11620,11613,11605,11598,11592,11585,11579,11573,11568,11564,11560,11556,11554,11552,11550,11550,11549,11549,11549,11549,11550,11551,11551,11552,11553,11553,11554,11554,11555,11555,11554,11554,11553,11552,11551,11549,11547,11545,11542,11539,11535,11531,11527,11522,11517,11511,11505,11499,11494,11488,11483,11478,11473,11468,11463,11459,11455,11451,11448,11445,11442,11439,11437,11435,11434,11434,11433,11434,11435,11436,11438,11442,11446,11451,11456,11462,11467,11473,11479,11483,11488,11492,11497,11502,11507,11512,11518,11524,11531,11537,11543,11549,11554,11559,11563,11566,11568,11569,11570,11570,11569,11568,11566,11563,11560,11556,11551
11657,11653,11648,11643,11638,11633,11627,11621,11615,11609,11603,11598,11592,11587,11582,11577,11573,11569,11565,11562,11560,11558,11556,11555,11554,11553,11553,11552,11552,11551,11551,11551,11551,11551,11550,11549,11549,11547,11546,11545,11543,11541,11539,11536,11533,11530,11526,11522,11517,11513,11508,11502,11497,11492,11487,11482,11478,11473,11469,11464,11460,11456,11453,11450,11447,11444,11442,11440,11438,11437,11436,11436,11436,11437,11438,11440,11443,11447,11451,11455,11461,11466,11473,11477,11481,11487,11493,11498,11503,11508,11514,11519,11525,11531,11537,11543,11549,11554,11559,11564,11567,11570,11571,11572,11573,11573,11573,11571,11570,11567,11564,11561,11557
11647,11644,11642,11638,11635,11631,11627,11622,11618,11614,11609,11604,11600,11595,11590,11586,11582,11578,11574,11571,11567,11565,11562,11560,11558,11556,11555,11553,11552,11551,11550,11549,11548,11547,11546,11544,11543,11541,11540,11538,11536,11534,11531,11529,11525,11522,11518,11514,11510,11505,11500,11496,11491,11487,11482,11478,11474,11469,11465,11462,11458,11455,11452,11449,11447,11444,11442,11441,11439,11439,11438,11438,11439,11440,11442,11444,11447,11451,11455,11460,11464,11469,11474,11481,11486,11491,11496,11502,11507,11513,11518,11524,11530,11536,11541,11547,11552,11557,11561,11565,11568,11571,11572,11574,11574,11574,11574,11573,11572,11569,11567,11563,11560
11628,11628,11627,11625,11624,11622,11619,11616,11613,11610,11607,11603,11600,11596,11593,11589,11585,11582,11578,11575,11572,11569,11566,11563,11561,11559,11557,11555,11553,11551,11549,11547,11546,11544,11542,11541,11539,11537,11535,11533,11530,11528,11525,11522,11518,11515,11511,11507,11503,11499,11495,11490,11486,11482,11478,11475,11471,11467,11464,11460,11457,11454,11451,11449,11447,11445,11444,11442,11441,11441,11440,11441,11442,11443,11445,11448,11451,11454,11458,11462,11468,11473,11478,11483,11488,11493,11499,11505,11510,11516,11522,11528,11533,11538,11543,11547,11552,11556,11560,11563,11565,11568,11570,11571,11572,11572,11572,11571,11570,11568,11566,11563,11559
11603,11604,11604,11605,11604,11604,11603,11602,11600,11599,11597,11595,11592,11590,11587,11585,11582,11579,11577,11574,11571,11569,11566,11563,11561,11558,11556,11554,11551,11549,11547,11545,11542,11540,11538,11536,11534,11532,11529,11527,11524,11521,11519,11516,11512,11509,11505,11502,11498,11494,11490,11486,11482,11479,11475,11472,11468,11465,11462,11459,11456,11454,11451,11449,11447,11446,11445,11444,11442,11442,11442,11443,11443,11445,11447,11450,11453,11457,11460,11464,11469,11473,11478,11484,11489,11494,11499,11505,11511,11516,11521,11527,11531,11535,11540,11544,11549,11552,11555,11557,11560,11562,11564,11565,11566,11567,11567,11566,11565,11564,11562,11559,11556
11571,11573,11575,11577,11578,11579,11579,11579,11579,11579,11579,11578,11577,11575,11574,11573,11571,11569,11568,11566,11564,11562,11560,11558,11556,11554,11551,11549,11547,11545,11542,11540,11538,11536,11533,11531,11529,11526,11523,11521,11518,11515,11513,11510,11507,11503,11500,11496,11493,11489,11486,11483,11479,11476,11473,11470,11467,11464,11461,11458,11455,11453,11451,11449,11448,11446,11445,11445,11444,11443,11443,11444,11445,11447,11449,11451,11454,11457,11461,11464,11469,11474,11478,11483,11488,11493,11499,11504,11509,11514,11519,11524,11528,11532,11536,11538,11541,11543,11546,11548,11550,11552,11553,11554,11555,11555,11556,11555,11555,11554,11552,11550,11548
11535,11538,11541,11543,11546,11548,11549,11551,11552,11552,11553,11554,11554,11554,11553,11553,11553,11552,11551,11550,11549,11548,11547,11545,11544,11542,11541,11539,11537,11535,11534,11532,11530,11528,11526,11523,11521,11519,11516,11514,11511,11509,11506,11503,11500,11497,11494,11491,11488,11485,11481,11479,11476,11473,11470,11467,11464,11461,11458,11456,11454,11452,11450,11449,11448,11447,11446,11445,11444,11444,11444,11444,11445,11447,11449,11452,11454,11457,11460,11463,11466,11471,11476,11481,11486,11491,11496,11502,11507,11511,11514,11517,11521,11523,11525,11528,11531,11532,11534,11535,11536,11537,11538,11539,11540,11541,11541,11541,11540,11539,11538,11536,11535
11494,11498,11501,11505,11508,11511,11513,11516,11518,11520,11521,11523,11524,11525,11526,11527,11527,11527,11528,11528,11527,11527,11527,11526,11525,11525,11524,11523,11522,11521,11519,11518,11516,11515,11513,11511,11510,11508,11506,11504,11501,11499,11497,11494,11492,11489,11486,11484,11481,11478,11476,11473,11470,11468,11465,11462,11460,11457,11455,11453,11452,11450,11449,11447,11446,11445,11444,11443,11443,11442,11443,11443,11444,11446,11447,11449,11452,11454,11456,11459,11462,11466,11471,11476,11481,11486,11490,11492,11494,11497,11498,11500,11503,11505,11507,11508,11509,11511,11513,11514,11516,11517,11518,11519,11520,11520,11521,11521,11521,11521,11520,11519,11517
11451,11456,11460,11464,11468,11471,11474,11477,11480,11483,11485,11488,11490,11492,11493,11495,11496,11498,11499,11500,11500,11501,11501,11501,11501,11501,11501,11501,11500,11500,11499,11498,11498,11497,11496,11495,11493,11492,11491,11490,11488,11486,11484,11482,11480,11478,11476,11474,11472,11470,11468,11465,11463,11461,11459,11456,11454,11453,11451,11449,11448,11446,11445,11444,11443,11442,11441,11440,11440,11440,11440,11441,11442,11443,11444,11446,11448,11450,11452,11454,11457,11460,11463,11467,11471,11475,11479,11482,11484,11486,11487,11489,11491,11494,11497,11499,11500,11500,11500,11500,11501,11501,11502,11503,11504,11505,11505,11505,11505,11504,11503,11502,11500
11408,11413,11417,11421,11425,11429,11433,11436,11440,11443,11446,11449,11452,11454,11457,11459,11461,11463,11465,11466,11468,11469,11470,11471,11472,11473,11473,11474,11474,11474,11474,11474,11474,11474,11473,11473,11472,11472,11471,11470,11469,11468,11467,11466,11465,11463,11462,11461,11459,11458,11456,11454,11453,11451,11449,11448,11446,11445,11443,11442,11441,11440,11439,11438,11437,11436,11435,11435,11435,11435,11435,11435,11436,11437,11438,11439,11441,11442,11444,11446,11447,11449,11452,11455,11458,11461,11464,11467,11469,11472,11475,11477,11478,11480,11482,11483,11485,11486,11487,11487,11488,11489,11489,11489,11489,11489,11489,11488,11487,11486,11484,11483,11482
