,0,1,2,3,4,5,6,7,8,9,10,11,12,13,14,15,16,17,18,19,20,21,22,23,24,25,26,27,28,29,30,31,32,33,34,35,36,37,38,39,40,41,42,43,44,45,46,47,48,49,50,51,52,53,54,55,56,57,58,59,60,61,62,63,64,65,66,67,68,69,70,71,72,73,74,75,76,77,78,79,80,81,82,83,84,85,86,87,88,89,90,91,92,93,94,95,96,97,98,99,100,101,102,103,104,105,106,107,108,109,110,111,112
0,0.004895960832314472,0.0048484848484839915,0.004807692307693401,0.005952380952381375,0.0047281323877061965,0.004700352526439744,0.004683840749414969,0.004651162790699104,0.004629629629629761,0.004602991944762991,0.0034403669724785146,0.003424657534246478,0.0034090909090913613,0.002262443438914019,0.0033821871476895637,0.003363228699551968,0.003351955307262955,0.0022321428571423496,0.00222717149220486,0.002219755826859071,0.0022050716648287505,0.0021786492374733513,0.0010869565217390686,0.0011098779134286474,0.0011123470522811374,0.0022246941045604984,0.00111358574610243,0.0011148272017837968,0.0011185682326626534,0.0011235955056179137,0.0,0.0011337868480723046,0.0011402508551885404,0.0,0.0,0.0,0.0,0.0,0.0011574074074065521,0.0011560693641623487,0.0,0.0011428571428577783,0.0011376564277583157,0.0011325028312558771,0.0011312217194561214,0.0011312217194578977,0.0022650056625135306,0.0022753128555184077,0.002290950744558984,0.002309468822170757,0.0034965034965033226,0.0035335689045936647,0.0023894862604532108,0.002421307506052628,0.0024449877750605253,0.0024509803921581863,0.0012300123001214303,0.0,0.0,0.0,0.0,0.0,0.0,0.0,0.0,0.001212121212121886,0.0,0.002398081534771279,0.00596658711217124,0.008303677342823335,0.009433962264150608,0.011750881316098472,0.011737089201877993,0.012925969447707075,0.01291079812206597,0.01291079812206597,0.012925969447707075,0.011778563015312216,0.011806375442739991,0.010650887573964596,0.008313539192398522,0.007168458781361409,0.006009615384616751,0.006038647342995418,0.0060827250608266326,0.00611246943765309,0.006165228113440335,0.007352941176471006,0.007490636704119424,0.006321112515802696,0.007702182284980097,0.007822685788786643,0.00791556728232301,0.009234828496042624,0.009222661396574239,0.009222661396574239,0.010526315789473273,0.010526315789473273,0.011826544021024787,0.011826544021024787,0.013123359580051286,0.013123359580051286,0.013123359580051286,0.013123359580051286,0.013106159895151848,0.013106159895150071,0.011811023622046335,0.011780104712041606,0.011780104712041606,0.0117647058823529,0.013037809647979515,0.014341590612778177,0.015625
1,0.001223990208078618,0.0012121212121201097,0.0,0.0,0.0,0.0,0.0,0.0,0.0,0.0,0.0,0.0,0.0,0.0,0.0,0.0,0.0,0.0,0.0,0.0,0.0,0.0,0.0,0.0,0.0,0.0,0.0,0.0,0.0,0.0,0.0,0.0,0.0,0.0,0.0,0.0,0.0,0.0,0.0,0.0,0.0,0.0,0.0,0.0,0.0,0.0,0.0011325028312558771,0.001137656427760092,0.001145475372279492,0.0011547344110862667,0.002331002331002807,0.002355712603062443,0.0023894862604532108,0.002421307506052628,0.0012224938875302627,0.0024509803921581863,0.0012300123001214303,0.0012594458438304201,0.0,0.0,0.0012674271229400347,0.0012562814070360417,0.0012437810945282735,0.0,0.0,0.001212121212121886,0.0012048192771079158,0.002398081534771279,0.00596658711217124,0.008303677342823335,0.009433962264150608,0.010575793184488091,0.011737089201877993,0.011750881316098472,0.011737089201877993,0.01291079812206597,0.011750881316098472,0.010600706713780994,0.01062573789846688,0.00828402366863834,0.0071258907363418444,0.0059737156511356915,0.004807692307693401,0.0048309178743952685,0.0036496350364956243,0.0036674816625925644,0.0036991368680645564,0.003676470588235503,0.003745318352059712,0.0025284450063196573,0.0025673940949939578,0.0026075619295955477,0.0026385224274410035,0.003957783641160617,0.003952569169960896,0.0026350461133066716,0.003947368421052033,0.005263157894736636,0.0065703022339036465,0.005256241787122917,0.006561679790024755,0.006561679790024755,0.007874015748031482,0.007874015748031482,0.007863695937091464,0.006553079947575924,0.006561679790026531,0.006544502617801484,0.006544502617799708,0.006535947712418277,0.006518904823989757,0.006518904823989757,0.0078125
2,0.0,0.0,0.0,0.0011904761904766303,0.0,0.0,0.0,0.00116279069767522,0.0,0.0,0.0,0.0,0.0,0.0011312217194561214,0.0011273957158977055,0.0022421524663673864,0.0022346368715080445,0.0022321428571423496,0.00222717149220486,0.002219755826859071,0.0022050716648287505,0.0021786492374733513,0.0021739130434781373,0.002219755826859071,0.003337041156841636,0.0033370411568398595,0.0033407572383072903,0.0033444816053513904,0.0033557046979861838,0.0022471910112358273,0.0022573363431153126,0.0022675736961463855,0.002280501710377081,0.0011467889908249873,0.001137656427760092,0.0011441647597258964,0.0011574074074065521,0.0011574074074083285,0.0011574074074065521,0.0,0.0,0.0,0.0,0.0,0.0,0.0,0.0,0.0,0.0,0.0,0.0,0.0011778563015312216,0.0,0.0,0.0,0.0012254901960790932,0.0012300123001214303,0.0,0.0,0.0,0.0,0.0012562814070360417,0.0012437810945282735,0.0,0.0,0.0,0.0,0.002398081534771279,0.004773269689737347,0.005931198102016921,0.007075471698113844,0.009400705052877711,0.010563380281690016,0.009400705052877711,0.010563380281690016,0.010563380281690016,0.009400705052877711,0.008244994110718551,0.008264462809918882,0.007100591715976989,0.004750593824228488,0.0035842293906807043,0.0024038461538467004,0.0024154589371985224,0.0012165450121663923,0.0012224938875302627,0.0012330456226887776,0.0012254901960790932,0.0,0.0,0.0,0.0,0.0,0.0013192612137196136,0.001317523056654224,0.0,0.0,0.0,0.0013140604467807293,0.0013140604467807293,0.002624671916009902,0.002624671916009902,0.002624671916009902,0.003937007874014853,0.003931847968544844,0.003931847968544844,0.002624671916009902,0.003926701570680535,0.0026178010471191726,0.002614379084967311,0.002607561929597324,0.00391134289439421,0.00390625
3,0.003671970624235854,0.003636363636363882,0.0036057692307700506,0.004761904761904745,0.0035460992907800915,0.004700352526439744,0.004683840749414969,0.0058139534883725474,0.00578703703703809,0.006904487917145374,0.006880733944955253,0.006849315068492956,0.007954545454545325,0.007918552036198179,0.009019165727170986,0.010089686098654127,0.011173184357541999,0.011160714285713524,0.011135857461024301,0.012208657047724003,0.012127894156559904,0.011982570806100767,0.010869565217392463,0.011098779134295356,0.011123470522804269,0.01223581757508363,0.012249443207126731,0.011148272017837968,0.011185682326621205,0.010112359550561223,0.010158013544018019,0.010204081632654294,0.010262257696693311,0.008027522935778464,0.007963594994311762,0.008009153318077722,0.006944444444444642,0.006944444444444642,0.006944444444444642,0.004624277456647619,0.003448275862067973,0.0034285714285715585,0.0034129692832767233,0.003397508493771184,0.002262443438914019,0.002262443438914019,0.0022650056625135306,0.0022753128555184077,0.001145475372279492,0.0,0.0,0.0011778563015312216,0.0011947431302257172,0.0012106537530254258,0.0,0.0012254901960790932,0.0012300123001214303,0.0012594458438304201,0.0012578616352207916,0.0012626262626262985,0.0012674271229400347,0.0012562814070360417,0.0024875621890547706,0.0012330456226870012,0.0,0.001212121212121886,0.0,0.0011990407673856396,0.004773269689737347,0.005931198102016921,0.007075471698113844,0.008225616921269108,0.008215962441315838,0.008225616921269108,0.008215962441315838,0.008215962441315838,0.007050528789658728,0.005889281507656108,0.005903187721370884,0.004733727810650734,0.003562945368170034,0.0023894862604532108,0.0012019230769233502,0.001207729468598373,0.0,0.0,0.0,0.0,0.0012484394506859786,0.0,0.0,0.0,0.0,0.0,0.0,0.0,0.0,0.0013157894736846032,0.0,0.0,0.0,0.0,0.0,0.0,0.0,0.0,0.0,0.0013089005235613627,0.0,0.0,0.0,0.0,0.0
4,0.011015911872705786,0.010909090909089869,0.010817307692308376,0.011904761904760974,0.01182033096926638,0.012925969447708852,0.014051522248244908,0.015116279069767202,0.015046296296297612,0.016110471806673132,0.017201834862385468,0.01712328767123239,0.018181818181817633,0.019230769230768274,0.02029312288613383,0.021300448430492835,0.022346368715083997,0.022321428571428825,0.022271714922048602,0.02330743618201936,0.023153252480705433,0.02287581699346397,0.022826086956522218,0.02330743618201936,0.02335928809788612,0.02335928809788612,0.023385300668151032,0.022296544035675936,0.022371364653244186,0.021348314606742136,0.01918735891647927,0.019274376417234507,0.018244013683011318,0.016055045871558704,0.015927189988623525,0.014874141876429547,0.013888888888889284,0.012731481481482732,0.012731481481480955,0.010404624277457586,0.008045977011494898,0.008000000000000895,0.006825938566553447,0.006795016987542368,0.004524886877828038,0.004524886877828038,0.004530011325027061,0.0034129692832767233,0.002290950744558984,0.0011547344110862667,0.0011655011655022918,0.0,0.0,0.0,0.0,0.0,0.0012300123001214303,0.0,0.0012578616352207916,0.0012626262626262985,0.0012674271229400347,0.0012562814070360417,0.0024875621890547706,0.0012330456226870012,0.0,0.001212121212121886,0.0,0.0,0.0023866348448677854,0.003558718861210508,0.004716981132075304,0.005875440658048348,0.0058685446009398845,0.005875440658048348,0.004694835680751908,0.004694835680751908,0.003525264394829364,0.002355712603062443,0.0023612750885479983,0.0011834319526631276,0.0,0.0,0.0,0.0,0.0,0.0012224938875302627,0.002466091245375779,0.003676470588235503,0.003745318352059712,0.0037926675094812623,0.0038510911424900485,0.00391134289439421,0.003957783641160617,0.005277044854880231,0.005270092226613343,0.003952569169960896,0.003947368421052033,0.003947368421052033,0.003942181340342188,0.0026281208935614586,0.002624671916009902,0.002624671916009902,0.001312335958004951,0.001312335958004951,0.00131061598951554,0.00131061598951554,0.0,0.0,0.0,0.0,0.001303780964798662,0.001303780964798662,0.0
5,0.020807833537332954,0.02060606060605963,0.02163461538461675,0.022619047619047095,0.022458628841606654,0.024676850763807323,0.025761124121780554,0.02790697674418574,0.02893518518518512,0.029919447640965657,0.030963302752294197,0.03196347031963498,0.034090909090908283,0.03506787330316641,0.03607666290868217,0.0381165919282509,0.039106145251396995,0.0390625,0.038975501113585054,0.03995560488346328,0.039691289966924614,0.04030501089324723,0.039130434782610024,0.03995560488346328,0.03893214682981139,0.03893214682981139,0.037861915367482624,0.037904124860647315,0.036912751677851574,0.0348314606741571,0.033860045146726137,0.03287981859410394,0.030786773090079933,0.028669724770642446,0.026166097838453695,0.025171624713959062,0.024305555555555358,0.021990740740740478,0.02083333333333215,0.018497109826590474,0.01609195402298802,0.014857142857144012,0.012514220705346801,0.011325028312571206,0.010180995475112198,0.009049773755656076,0.007927519818798245,0.006825938566553447,0.00572737686139746,0.003464203233257024,0.002331002331002807,0.0011778563015312216,0.0011947431302257172,0.0012106537530254258,0.0,0.0012254901960790932,0.0012300123001214303,0.0012594458438304201,0.0012578616352207916,0.002525252525252597,0.0025348542458800694,0.002512562814070307,0.003731343283583044,0.002466091245375779,0.0012210012210012167,0.001212121212121886,0.0,0.0,0.0023866348448677854,0.003558718861210508,0.004716981132075304,0.005875440658048348,0.004694835680751908,0.0047003525264379675,0.004694835680751908,0.004694835680751908,0.0047003525264379675,0.0035335689045936647,0.0035419126328228856,0.0023668639053262552,0.001187648456056678,0.0011947431302274936,0.0024038461538467004,0.0024154589371985224,0.0036496350364956243,0.00611246943765309,0.0073982737361273365,0.0085784313725501,0.011235955056179137,0.011378002528443787,0.012836970474968012,0.013037809647979515,0.014511873350924631,0.014511873350922855,0.014492753623189358,0.013175230566535134,0.01315789473684248,0.01315789473684248,0.011826544021024787,0.010512483574244058,0.009186351706036433,0.007874015748031482,0.006561679790024755,0.006561679790024755,0.005242463958060384,0.003931847968544844,0.002624671916009902,0.002617801047120949,0.0013089005235595863,0.0013071895424836555,0.001303780964798662,0.001303780964798662,0.0013020833333339255
6,0.03304773561811558,0.03393939393939327,0.03485576923077005,0.03690476190476133,0.0378250591016549,0.03995299647473516,0.04215456674473117,0.04418604651162816,0.045138888888889284,0.04718066743383176,0.048165137614679665,0.05022831050228227,0.05227272727272769,0.05316742081448034,0.05524239007891829,0.05605381165919354,0.05810055865921804,0.058035714285713524,0.059020044543428796,0.05993340732519492,0.05953693495038692,0.0588235294117645,0.05869565217391326,0.0588235294117645,0.05895439377085765,0.05784204671857651,0.056792873051223935,0.05574136008918629,0.05369127516778427,0.05168539325842758,0.049661399548533325,0.04761904761904745,0.04561003420752563,0.0424311926605494,0.03981797497155881,0.03775743707093859,0.03472222222222143,0.03240740740740833,0.03125,0.02774566473988571,0.024137931034482918,0.02285714285714313,0.019340159271900248,0.018120045300113574,0.015837104072398134,0.014705882352942012,0.012457531143827083,0.01023890784983017,0.009163802978235935,0.005773672055427781,0.004662004662005614,0.0035335689045936647,0.0011947431302257172,0.0012106537530254258,0.0,0.0,0.0,0.0012594458438304201,0.0012578616352207916,0.0012626262626262985,0.0025348542458800694,0.002512562814070307,0.003731343283583044,0.002466091245375779,0.0012210012210012167,0.0024242424242419958,0.0,0.0,0.0023866348448677854,0.0023724792408064133,0.0035377358490578104,0.0047003525264379675,0.004694835680751908,0.0047003525264379675,0.004694835680751908,0.004694835680751908,0.005875440658048348,0.005889281507656108,0.005903187721370884,0.005917159763313862,0.005938242280285166,0.0059737156511356915,0.007211538461538325,0.008454106280192164,0.009732360097324033,0.01222493887530618,0.01479654747225645,0.017156862745098422,0.019975031210986316,0.020227560050567917,0.023106546854942067,0.024771838331160367,0.026385224274406482,0.027704485488126096,0.02898550724637694,0.027667984189722716,0.027631578947367785,0.027631578947367785,0.026281208935611033,0.024967148488830304,0.023622047244094446,0.020997375328082768,0.018372703412072866,0.017060367454067915,0.01572739187418115,0.013106159895150071,0.010498687664041384,0.009162303664922433,0.006544502617799708,0.006535947712418277,0.005215123859192872,0.005215123859192872,0.0052083333333339255
7,0.04895960832313406,0.05090909090909079,0.0516826923076934,0.054761904761905456,0.05555555555555536,0.058754406580494134,0.06088992974238927,0.06279069767441925,0.06597222222222321,0.06789413118526966,0.06995412844036863,0.07191780821917781,0.07499999999999929,0.07692307692307665,0.07891770011273991,0.08071748878923835,0.08156424581005695,0.08258928571428648,0.08351893095768403,0.08435072142064293,0.08379272326350673,0.08278867102396603,0.08152173913043548,0.08213096559378386,0.08231368186874377,0.08120133481646263,0.07906458797327431,0.07692307692307665,0.0749440715883658,0.07191011235955003,0.06884875846501082,0.06689342403628196,0.06385404789053695,0.05963302752293487,0.055745164960182336,0.05263157894736814,0.04976851851851727,0.047453703703704164,0.043981481481480955,0.03930635838150387,0.03563218390804579,0.03314285714285781,0.02957906712172864,0.027180067950169473,0.023755656108596312,0.02149321266968407,0.01925254813136945,0.015927189988623525,0.013745704467353903,0.010392609699769295,0.008158508158508937,0.005889281507656108,0.004778972520908198,0.00363196125907983,0.0012224938875302627,0.0024509803921581863,0.0012300123001214303,0.0012594458438304201,0.002515723270439807,0.002525252525252597,0.003802281368820104,0.003768844221106349,0.003731343283583044,0.002466091245375779,0.0024420024420024333,0.0024242424242419958,0.0012048192771079158,0.0011990407673856396,0.0035799522673034545,0.0047449584816128265,0.004716981132075304,0.007050528789658728,0.007042253521127861,0.007050528789658728,0.007042253521127861,0.008215962441315838,0.009400705052877711,0.009422850412249772,0.01062573789846688,0.010650887573964596,0.010688836104513655,0.011947431302269607,0.013221153846155076,0.014492753623187582,0.015815085158150666,0.019559902200489532,0.022194821208383786,0.025735294117646745,0.028714107365793495,0.030341340075851875,0.03337612323491612,0.03650586701434122,0.039577836411609724,0.04089709762532934,0.042160737812912075,0.042160737812912075,0.043421052631577695,0.04342105263157947,0.04336399474375874,0.04204993429697801,0.04068241469816236,0.03805774278215068,0.03543307086614078,0.03280839895013088,0.030144167758846763,0.02621231979030192,0.022309711286089495,0.019633507853404453,0.017015706806281727,0.01437908496732021,0.013037809647979515,0.010430247718383967,0.009114583333333925
8,0.06976744186046524,0.07030303030303031,0.07211538461538503,0.07499999999999929,0.0768321513002359,0.0799059929494721,0.0831381733021086,0.08604651162790766,0.08912037037037024,0.09321058688147232,0.09518348623853257,0.09817351598173474,0.09999999999999964,0.10180995475113086,0.10484780157835516,0.10650224215246595,0.10837988826815703,0.109375,0.11024498886414236,0.10987791342952313,0.10915104740904091,0.10784313725490158,0.10652173913043583,0.10765815760266406,0.10678531701891103,0.10567296996662989,0.10356347438752778,0.10033444816053638,0.09843400447427264,0.09438202247191008,0.09142212189616217,0.08843537414966107,0.08437856328392357,0.08027522935779707,0.07508532423208258,0.07093821510297538,0.06712962962962976,0.06365740740740833,0.05902777777777679,0.0543352601156073,0.049425287356321235,0.04571428571428626,0.04095563139931713,0.037372593431483025,0.03280542986425239,0.02941176470588225,0.027180067950169473,0.023890784982935287,0.020618556701030855,0.016166281755197076,0.012820512820512775,0.010600706713780994,0.008363201911588902,0.006053268765132458,0.0036674816625925644,0.003676470588235503,0.002460024600244637,0.0012594458438304201,0.002515723270439807,0.002525252525252597,0.003802281368820104,0.003768844221106349,0.004975124378109541,0.0036991368680645564,0.00366300366300365,0.003636363636363882,0.002409638554217608,0.002398081534771279,0.004773269689737347,0.005931198102016921,0.007075471698113844,0.008225616921269108,0.008215962441315838,0.009400705052877711,0.009389671361503815,0.010563380281690016,0.011750881316098472,0.012956419316843437,0.01416765053128799,0.01538461538461533,0.015439429928740367,0.016726403823177804,0.0180288461538467,0.019323671497584627,0.021897810218979075,0.02444987775061236,0.02712700369913712,0.02941176470588225,0.033707865168539186,0.03666245259165457,0.041078305519897995,0.045632333767926525,0.04881266490765235,0.052770448548812965,0.05533596837944721,0.05665349143609966,0.05921052631578938,0.06052631578947398,0.06176084099868717,0.06044678055190644,0.06036745406824018,0.057742782152230276,0.055118110236220375,0.052493438320208696,0.04849279161205722,0.044560943643512374,0.03937007874015741,0.03664921465968618,0.03141361256544428,0.02875816993464042,0.024771838331160367,0.02216427640156482,0.018229166666666075
9,0.09179926560587504,0.09333333333333371,0.09495192307692335,0.09880952380952301,0.10047281323877044,0.10575793184488802,0.10889929742388738,0.11279069767441996,0.11574074074074048,0.11852704257767499,0.12155963302752326,0.12442922374429166,0.12727272727272698,0.130090497737557,0.13190529875986634,0.13452914798206272,0.13631284916201203,0.13727678571428648,0.1380846325167031,0.13873473917869106,0.13781697905182,0.13616557734204804,0.1347826086956534,0.13540510543840156,0.13459399332591815,0.13236929922135587,0.12917594654788367,0.12709030100334573,0.12416107382550301,0.12022471910112387,0.11512415349887206,0.1122448979591848,0.10832383124287404,0.10206422018348604,0.09670079635949946,0.09153318077803263,0.08796296296296191,0.0821759259259256,0.07754629629629584,0.07167630057803542,0.06551724137930925,0.0605714285714285,0.055745164960182336,0.05096262740656776,0.04524886877828038,0.040723981900452344,0.03624009060022537,0.03299203640500714,0.028636884306987298,0.024249422632793838,0.019813519813521197,0.017667844522968323,0.014336917562722817,0.01089588377723949,0.008557457212713615,0.007352941176471006,0.006150061500614257,0.0037783375314877077,0.0037735849056605986,0.005050505050505194,0.005069708491761915,0.005025125628140614,0.004975124378109541,0.004932182490751558,0.00366300366300365,0.004848484848485768,0.003614457831325524,0.0035971223021569187,0.00596658711217124,0.00711743772241924,0.008254716981133114,0.009400705052877711,0.010563380281690016,0.010575793184488091,0.011737089201877993,0.01291079812206597,0.014101057579317455,0.014134275618374659,0.0153482880755611,0.01538461538461533,0.016627078384797045,0.016726403823177804,0.0180288461538467,0.020531400966183,0.021897810218979075,0.02444987775061236,0.02836004932182412,0.03186274509803866,0.03620474406991292,0.039190897597976004,0.04364569961489018,0.049543676662320735,0.05408970976253258,0.058047493403693196,0.06324110671936722,0.0658761528326739,0.06973684210526265,0.07236842105263186,0.07621550591327164,0.07621550591327164,0.0774278215223081,0.0774278215223081,0.07480314960629819,0.07217847769028829,0.06946264744429875,0.06422018348623837,0.060367454068241955,0.05497382198952927,0.04973821989528737,0.04575163398692794,0.04172099087353409,0.036505867014342996,0.032552083333333925
10,0.11995104039167792,0.12242424242424299,0.12379807692307665,0.12619047619047663,0.12884160756501117,0.1327849588719161,0.13583138173302167,0.13953488372093048,0.14351851851851904,0.14614499424626004,0.14908256880734072,0.15296803652968016,0.1556818181818187,0.15837104072398134,0.16121758737316938,0.1636771300448423,0.16536312849162016,0.16629464285714235,0.1670378619153663,0.1675915649278572,0.1664829106945973,0.1644880174291945,0.1619565217391319,0.1642619311875695,0.16240266963292527,0.16017797552836477,0.15701559020044442,0.15384615384615508,0.15100671140939603,0.14606741573033766,0.1410835214446955,0.13832199546485313,0.13340935005701304,0.12729357798164997,0.11945392491467643,0.1144164759725399,0.10995370370370416,0.10416666666666785,0.09837962962962976,0.09132947976878647,0.08390804597701162,0.07771428571428629,0.07167235494880586,0.06568516421291015,0.0588235294117645,0.05316742081448034,0.04756511891279658,0.043230944254835535,0.038946162657502725,0.03348729792147864,0.029137529137528873,0.024734982332155653,0.02031063321385851,0.016949152542371948,0.013447432762836442,0.01102941176470651,0.00861008610086067,0.006297229219144995,0.0062893081761004055,0.0063131313131314926,0.00633713561470195,0.006281407035176656,0.006218905472637815,0.004932182490751558,0.004884004884004867,0.004848484848485768,0.003614457831325524,0.0035971223021569187,0.007159904534605133,0.008303677342823335,0.008254716981133114,0.010575793184488091,0.010563380281690016,0.010575793184488091,0.010563380281690016,0.011737089201877993,0.012925969447707075,0.012956419316843437,0.012987012987013102,0.013017751479290851,0.013064133016627011,0.0131421744324971,0.015625,0.016908212560386104,0.019464720194648066,0.02322738386308032,0.025893958076448342,0.02941176470588225,0.03495630461922694,0.037926675094816176,0.04364569961489018,0.049543676662320735,0.05540897097625397,0.06200527704485381,0.06719367588932812,0.07114624505928901,0.0776315789473685,0.08157894736842053,0.08672798948751748,0.08935611038107716,0.0918635170603661,0.09317585301837283,0.09317585301837283,0.0918635170603661,0.09043250327654029,0.08650065530799544,0.08136482939632472,0.0772251308900529,0.071989528795811,0.06666666666666643,0.061277705345503364,0.05606258148631049,0.049479166666666075
11,0.15177478580171488,0.15272727272727238,0.15504807692307665,0.15714285714285658,0.1583924349881798,0.1621621621621614,0.16627634660421542,0.16976744186046488,0.17245370370370416,0.1760644418872257,0.17889908256880815,0.18150684931506866,0.18636363636363562,0.18891402714932148,0.19165727170236835,0.19394618834080646,0.1955307262569832,0.19754464285714235,0.1982182628062361,0.1986681465038842,0.19625137816979077,0.19389978213507675,0.19130434782608674,0.19422863485016606,0.19243604004449466,0.19021134593993239,0.18596881959910938,0.18283166109253202,0.17897091722594993,0.1752808988764052,0.17042889390519278,0.16666666666666785,0.16077537058152913,0.15366972477064245,0.14675767918088845,0.14073226544622486,0.13541666666666607,0.1284722222222232,0.12152777777777679,0.11329479768786221,0.1045977011494248,0.09714285714285786,0.0887372013651877,0.08267270668176607,0.07466063348416263,0.06787330316742057,0.06228765571913897,0.055745164960182336,0.050400916380297645,0.04387990762124794,0.03962703962704062,0.034157832744405425,0.029868578255674905,0.02542372881355881,0.020782396088019794,0.017156862745098422,0.014760147601474927,0.01133501259445957,0.010062893081761004,0.00883838383838409,0.008871989860582019,0.008793969849246963,0.008706467661690809,0.006165228113440335,0.004884004884004867,0.006060606060605878,0.003614457831325524,0.0035971223021569187,0.007159904534605133,0.008303677342823335,0.009433962264150608,0.009400705052877711,0.009389671361503815,0.009400705052877711,0.009389671361503815,0.009389671361503815,0.009400705052877711,0.008244994110718551,0.008264462809918882,0.00828402366863834,0.008313539192398522,0.008363201911588902,0.009615384615385025,0.012077294685990836,0.01459854014598605,0.019559902200489532,0.023427866831072564,0.02818627450980493,0.03245942571785321,0.03666245259165457,0.042362002567394086,0.04823989569752207,0.05408970976253258,0.06200527704485381,0.06851119894598234,0.07378129117259569,0.08026315789473593,0.08684210526315717,0.09329829172141935,0.09855453350854226,0.10367454068241422,0.10629921259842412,0.1089238845144358,0.1089238845144358,0.10878112712975074,0.10615989515072144,0.10236220472440927,0.09947643979057652,0.09424083769633462,0.09019607843137223,0.08344198174706818,0.07822685788787531,0.07161458333333393
12,0.18849449204406454,0.18909090909090942,0.1899038461538467,0.19166666666666643,0.19267139479905282,0.19506462984723782,0.19789227166276468,0.2011627906976745,0.20370370370370416,0.20713463751438432,0.20986238532110235,0.21347031963470364,0.21704545454545432,0.21945701357465985,0.22322435174746502,0.2253363228699552,0.22681564245810115,0.22767857142857117,0.22828507795100172,0.22863485016648255,0.2271223814773986,0.22440087145969478,0.2228260869565215,0.22530521642619306,0.22469410456062278,0.22246941045606228,0.21937639198218228,0.21627647714604237,0.21252796420581532,0.20786516853932646,0.20316027088036037,0.19841269841269948,0.19270239452679583,0.18577981651376163,0.1763367463026171,0.17048054919908395,0.1643518518518512,0.15625,0.14814814814814703,0.13872832369942323,0.1287356321839077,0.120000000000001,0.11035267349260458,0.1019252548131373,0.09276018099547478,0.0848416289592766,0.07814269535673724,0.07053469852104755,0.06414662084765155,0.05773672055427248,0.0512820512820511,0.04593639575971764,0.0394265232974913,0.03389830508474567,0.028117359413203147,0.02450980392156943,0.019680196801967753,0.016372795969774145,0.015094339622640618,0.012626262626262985,0.011406844106463865,0.01130653266331727,0.009950248756219082,0.0073982737361273365,0.006105006105006083,0.007272727272727764,0.00481927710843344,0.0035971223021569187,0.00596658711217124,0.00711743772241924,0.005896226415094574,0.007050528789658728,0.007042253521127861,0.005875440658048348,0.0058685446009398845,0.0058685446009398845,0.005875440658048348,0.004711425206124886,0.005903187721370884,0.004733727810650734,0.004750593824228488,0.0035842293906807043,0.006009615384616751,0.007246376811593791,0.009732360097324033,0.014669926650366705,0.019728729963008007,0.02450980392156943,0.031210986267165453,0.03539823008849474,0.042362002567394086,0.049543676662320735,0.05672823218997358,0.0633245382585752,0.07114624505928901,0.07905138339920903,0.08552631578947256,0.0934210526315784,0.10118265440210372,0.10775295663600559,0.1141732283464556,0.11811023622047223,0.12204724409448708,0.12467191601049876,0.12581913499344743,0.1245085190039319,0.12204724409448886,0.12041884816754056,0.11649214659685825,0.11372549019607803,0.10821382007822855,0.10299869621903568,0.09505208333333393
13,0.22888616891064828,0.22909090909090857,0.22836538461538503,0.2297619047619044,0.22931442080378162,0.2314923619271454,0.2330210772833734,0.23604651162790802,0.2384259259259256,0.24050632911392356,0.24311926605504652,0.24543378995433862,0.24886363636363562,0.2511312217194561,0.253664036076664,0.25672645739910394,0.2581005586592173,0.26004464285714235,0.26169265033407463,0.26304106548279726,0.26130099228224957,0.2592592592592595,0.25760869565217526,0.26193118756936684,0.26140155728587366,0.2591768631813114,0.2561247216035625,0.2519509476031221,0.24944071588366867,0.2449438202247194,0.2392776523702036,0.23469387755102034,0.2291904218928167,0.22133027522935755,0.21160409556314086,0.20480549199084663,0.19791666666666607,0.18865740740740833,0.17939814814814703,0.16878612716763008,0.15632183908046038,0.14628571428571568,0.13538111490329996,0.1257078142695356,0.11425339366515708,0.1063348416289589,0.09739524348810846,0.0887372013651877,0.08018327605956443,0.07274826789838329,0.06526806526806617,0.05889281507656108,0.0525686977299884,0.046004842615012365,0.037897310513447025,0.03308823529411775,0.027060270602705216,0.023929471032746008,0.0213836477987428,0.01641414141414188,0.015209125475283969,0.013819095477387577,0.012437810945273853,0.009864364981503115,0.0073260073260073,0.006060606060605878,0.003614457831325524,0.002398081534771279,0.0035799522673034545,0.0047449584816128265,0.004716981132075304,0.0047003525264379675,0.0035211267605639307,0.003525264394829364,0.002347417840375954,0.002347417840375954,0.0023501762632189838,0.002355712603062443,0.0023612750885479983,0.0011834319526631276,0.001187648456056678,0.0011947431302274936,0.0024038461538467004,0.0048309178743952685,0.00851581508515764,0.013447432762836442,0.019728729963008007,0.025735294117646745,0.03245942571785321,0.037926675094816176,0.044929396662388044,0.05215123859191628,0.059366754617414585,0.06728232189973582,0.07641633728590236,0.08432147562582415,0.0934210526315784,0.10263157894736885,0.11169513797634778,0.11826544021024965,0.1259842519685037,0.13123359580052352,0.1364829396325451,0.14041994750656173,0.14154652686762859,0.14285714285714235,0.14173228346456668,0.14267015706806419,0.13874345549738187,0.13856209150326748,0.13168187744459026,0.1290743155149947,0.12239583333333393
14,0.2753977968176251,0.2727272727272716,0.26923076923077005,0.269047619047619,0.2671394799054365,0.2690951821386598,0.26932084309133586,0.2697674418604663,0.2719907407407405,0.2727272727272716,0.2752293577981657,0.2773972602739718,0.2806818181818187,0.2828054298642524,0.2863585118376566,0.2881165919282509,0.2905027932960902,0.2935267857142865,0.2951002227171493,0.29633740288568333,0.2965821389195149,0.29411764705882426,0.2934782608695663,0.29966703662597105,0.30033370411568505,0.2992213570634039,0.29732739420935417,0.2943143812709028,0.2908277404921691,0.28651685393258397,0.282167042889391,0.27777777777777857,0.27137970353477847,0.26376146788990695,0.2536973833902163,0.24485125858123524,0.2384259259259256,0.22800925925925952,0.21643518518518512,0.20462427745664868,0.190804597701149,0.17942857142857171,0.16609783845278692,0.15402038505096272,0.1414027149321253,0.130090497737557,0.11891279728199322,0.11035267349260636,0.0996563573883158,0.09006928406466486,0.08158508158508226,0.07420494699646696,0.0657108721624855,0.05811138014527728,0.050122249388753204,0.04289215686274517,0.035670356703565886,0.03148614609571787,0.026415094339622414,0.020202020202020776,0.017743979721165815,0.015075376884421843,0.014925373134328623,0.009864364981503115,0.008547008547008517,0.006060606060605878,0.002409638554217608,0.0011990407673856396,0.0023866348448677854,0.0023724792408064133,0.0023584905660385402,0.0023501762632189838,0.0,0.0,0.0,0.0,0.0,0.0,0.0,0.0,0.0,0.0011947431302274936,0.0036057692307700506,0.006038647342995418,0.009732360097324033,0.015892420537896967,0.022194821208383786,0.02941176470588225,0.0374531835205989,0.04298356510745727,0.05134788189987205,0.059973924380702925,0.06992084432717682,0.07915567282321945,0.08827404479578327,0.09617918313570506,0.10526315789473628,0.11578947368420955,0.1248357424441533,0.1327201051248359,0.14173228346456668,0.1482939632545932,0.153543307086613,0.1587926509186346,0.16120576671035458,0.16251638269986834,0.16272965879265122,0.1649214659685878,0.16230366492146509,0.16209150326797328,0.15906127770534617,0.15514993481095196,0.15104166666666607
15,0.31823745410036786,0.3139393939393944,0.3100961538461551,0.30833333333333357,0.3049645390070914,0.304347826086957,0.3044496487119446,0.3034883720930246,0.3043981481481488,0.3049482163406214,0.3061926605504599,0.3082191780821919,0.3113636363636356,0.31334841628959254,0.31679819616685556,0.32062780269058244,0.3240223463687162,0.3270089285714288,0.33073496659242707,0.3329633740288571,0.33406835722161077,0.33224400871459814,0.33260869565217455,0.340732519422863,0.34149054505005694,0.3403781979977758,0.3385300668151441,0.3366778149386853,0.33333333333333215,0.33033707865168616,0.32618510158013514,0.3219954648526073,0.314709236031927,0.3073394495412831,0.2957906712172935,0.28718535469107564,0.28009259259259167,0.26851851851851904,0.25694444444444464,0.24277456647398843,0.22988505747126453,0.2148571428571433,0.20022753128555237,0.1868629671574169,0.17307692307692157,0.16063348416289536,0.14722536806341857,0.13538111490329996,0.12485681557846462,0.1131639722863742,0.10256410256410398,0.0930506478209665,0.08363201911588902,0.0738498789346238,0.06356968215158965,0.05514705882353077,0.04674046740467297,0.040302267002520153,0.03270440251572282,0.027777777777778567,0.024081115335867764,0.01884422110552819,0.017412935323383394,0.01233045622688067,0.008547008547008517,0.006060606060605878,0.002409638554217608,0.0,0.0011933174224338927,0.0,0.0,0.0,0.0,0.0,0.0,0.0,0.0011750881316086037,0.0,0.0023612750885479983,0.0023668639053262552,0.003562945368170034,0.004778972520908198,0.008413461538461675,0.012077294685990836,0.017031630170317058,0.022004889975550057,0.0295930949445129,0.036764705882353255,0.04619225967540608,0.053097345132743,0.06418485237484006,0.07301173402868244,0.08443271767810145,0.0936675461741423,0.10408432147562507,0.11330698287220109,0.1223684210526308,0.13289473684210584,0.14323258869907995,0.15243101182654506,0.16272965879264945,0.17060367454068093,0.17716535433070746,0.1811023622047241,0.18479685452162542,0.18610747051114096,0.18766404199475062,0.18586387434555007,0.1910994764397902,0.18431372549019542,0.1864406779661021,0.18383311603650654,0.17838541666666607
16,0.35740514075887475,0.35151515151515156,0.34735576923077005,0.3428571428571434,0.3392434988179662,0.3372502937720334,0.33606557377049207,0.33488372093023244,0.3333333333333339,0.3337169159953959,0.33600917431192734,0.3378995433789953,0.34090909090908994,0.3438914027149327,0.34836527621195046,0.3520179372197312,0.35642458100558727,0.3604910714285712,0.3652561247216024,0.3695893451720309,0.37155457552370486,0.37037037037037024,0.3706521739130437,0.3817980022197567,0.3837597330367082,0.38487208008898754,0.38307349665924306,0.38127090301003363,0.3791946308724832,0.3764044943820224,0.37133182844243784,0.3684807256235825,0.36259977194982973,0.3543577981651378,0.3412969283276457,0.3340961098398161,0.3263888888888893,0.3148148148148149,0.30208333333333215,0.28901734104046284,0.27011494252873547,0.2582857142857158,0.2389078498293511,0.22536806342015758,0.21040723981900378,0.19457013574660564,0.17893544733861688,0.1649601820250286,0.15234822451317243,0.1385681293302543,0.12703962703962723,0.11542991755005971,0.10394265232974931,0.09322033898305015,0.08190709046454714,0.069852941176471,0.05904059040590326,0.05163727959697795,0.04276729559748382,0.03535353535353636,0.030418250950569714,0.023869346733668806,0.019900497512438164,0.01479654747225645,0.01098901098901095,0.007272727272727764,0.002409638554217608,0.0,0.0,0.0,0.0,0.0,0.0,0.0,0.001173708920187977,0.002347417840375954,0.003525264394829364,0.004711425206124886,0.008264462809918882,0.009467455621301468,0.011876484560570333,0.014336917562724594,0.0180288461538467,0.02173913043478315,0.027980535279805707,0.034229828850856236,0.04069050554870479,0.04901960784313708,0.057428214731585214,0.0657395701643484,0.07830551989730417,0.0886571056062575,0.10158311345646531,0.11213720316622577,0.12384716732542778,0.13306982872200201,0.14473684210526194,0.1565789473684216,0.16819973718791026,0.17739816031537536,0.18766404199475062,0.19685039370078705,0.20341207349081358,0.2086614173228334,0.21100917431192734,0.21363040629095664,0.21653543307086665,0.20942408376963328,0.22251308900523448,0.20784313725490122,0.21512385919165666,0.21251629726206112,0.20703125
17,0.38555691554467586,0.38060606060606084,0.375,0.3714285714285719,0.36643026004728085,0.36310223266744934,0.3618266978922726,0.3604651162790695,0.35995370370370416,0.36018411967778974,0.36238532110091803,0.3641552511415522,0.3681818181818173,0.37217194570135703,0.3776775648252553,0.3834080717488799,0.38882681564245836,0.3939732142857135,0.3997772828507795,0.40510543840177604,0.40793825799338457,0.40740740740740833,0.4119565217391319,0.4228634850166486,0.42602892102335943,0.4271412680756388,0.4253897550111354,0.42474916387959993,0.4250559284116324,0.4213483146067407,0.4176072234762973,0.4138321995464853,0.4116305587229192,0.40366972477064245,0.38907849829351626,0.3810068649885583,0.375,0.36226851851851904,0.34837962962962976,0.3341040462427749,0.31724137931034413,0.2994285714285727,0.28441410693970326,0.2650056625141559,0.25,0.23416289592760187,0.21744054360135756,0.2013651877133107,0.18671248568155718,0.17090069284064668,0.1573426573426584,0.14369846878680903,0.1302270011947435,0.11743341404358354,0.10268948655256693,0.08946078431372584,0.0774907749077478,0.06675062972292345,0.056603773584905426,0.04671717171717127,0.0380228136882117,0.03140703517587973,0.024875621890547706,0.018495684340321006,0.013431013431013383,0.00969696969696976,0.00481927710843344,0.002398081534771279,0.0023866348448677854,0.0011862396204040948,0.0011792452830192701,0.0011750881316086037,0.001173708920187977,0.0011750881316086037,0.0035211267605639307,0.0058685446009398845,0.009400705052877711,0.010600706713780994,0.0153482880755611,0.017751479289941585,0.020190023752968855,0.023894862604539213,0.028846153846155076,0.03381642512077221,0.038929440389294356,0.04767726161369268,0.05548705302096124,0.0637254901960791,0.0749063670411978,0.08343868520859665,0.0962772785622601,0.10951760104302366,0.1240105540897094,0.13588390501319303,0.14888010540184382,0.1607378129117265,0.1736842105263161,0.18552631578947398,0.19842312746386348,0.20893561103810754,0.21916010498687655,0.22834645669291298,0.23622047244094446,0.242782152230971,0.24508519003931895,0.2463958060288327,0.24934383202099752,0.23952879581151976,0.2526178010471192,0.23790849673202707,0.2464146023468068,0.2411994784876157,0.23828125
18,0.40636474908200704,0.40121212121212046,0.39423076923077005,0.38928571428571423,0.3841607565011813,0.3830787309048187,0.3805620608899307,0.3802325581395358,0.37962962962962976,0.38204833141541883,0.384174311926607,0.38812785388127935,0.39318181818181763,0.39819004524886914,0.4058624577226606,0.4125560538116595,0.4189944134078214,0.4263392857142865,0.43429844097995485,0.4417314095449498,0.4465270121278948,0.44444444444444464,0.45000000000000107,0.46392896781354054,0.46829810901001245,0.4727474972191317,0.4699331848552344,0.46934225195094825,0.46868008948545814,0.4662921348314608,0.46388261851015855,0.45804988662131585,0.45610034207525807,0.4483944954128436,0.43572241183162674,0.4302059496567505,0.4224537037037024,0.4120370370370381,0.39814814814814703,0.38150289017341166,0.36436781609195457,0.3451428571428572,0.3287827076222971,0.31030577576443896,0.2941176470588225,0.27714932126696823,0.2593431483578694,0.2423208191126296,0.22565864833906168,0.20785219399538057,0.1923076923076934,0.17667844522968323,0.16129032258064413,0.14648910411622218,0.12958435207823982,0.11519607843137258,0.09840098400983877,0.08690176322418175,0.07295597484276684,0.06186868686868685,0.05196451204055741,0.041457286432160956,0.033582089552238514,0.025893958076448342,0.019536019536019467,0.014545454545455527,0.009638554216868656,0.007194244604315614,0.00596658711217124,0.005931198102016921,0.004716981132075304,0.005875440658048348,0.0058685446009398845,0.005875440658048348,0.008215962441315838,0.011737089201877993,0.015276145710927835,0.018845700824499545,0.023612750885478206,0.027218934911243053,0.03087885985748251,0.0346475507765831,0.039663461538461675,0.045893719806763045,0.052311435523114014,0.06112469437652912,0.07028360049321769,0.08088235294117752,0.09238451935081216,0.10366624525916457,0.1181001283697043,0.13298565840938714,0.14907651715039627,0.16358839050131913,0.17918313570487499,0.19235836627141012,0.20657894736842053,0.2210526315789476,0.23390275952693784,0.2457293035479644,0.257217847769029,0.26640419947506544,0.2742782152230969,0.2821522309711284,0.2857142857142865,0.2857142857142865,0.28608923884514503,0.2801047120418847,0.2853403141361248,0.2732026143790858,0.2790091264667538,0.2737940026075627,0.26953125
19,0.41860465116279144,0.4121212121212121,0.40504807692307665,0.40000000000000036,0.3959810874704477,0.3936545240893068,0.3934426229508201,0.39302325581395436,0.3946759259259256,0.39815880322209374,0.40252293577981746,0.4075342465753433,0.4147727272727266,0.42307692307692335,0.43179255918827586,0.44058295964125627,0.45027932960893935,0.4598214285714288,0.4688195991091302,0.47946725860155404,0.4862183020948194,0.48474945533769187,0.4902173913043484,0.5072142064372915,0.5127919911012242,0.5161290322580641,0.515590200445434,0.5150501672240804,0.5167785234899327,0.5146067415730329,0.510158013544018,0.5068027210884356,0.5028506271379705,0.49770642201834825,0.4846416382252574,0.47711670480549095,0.4710648148148149,0.4583333333333339,0.4456018518518512,0.42890173410404664,0.4114942528735632,0.394285714285715,0.3765642775881677,0.35673839184597966,0.33936651583710287,0.3235294117647065,0.3057757644394101,0.28782707622298176,0.27033218785796187,0.2517321016166285,0.23426573426573505,0.21672555948174477,0.19952210274790794,0.18159806295399505,0.16381418092909605,0.14583333333333393,0.12669126691266897,0.1120906801007564,0.09685534591194944,0.08333333333333393,0.07097591888466326,0.059045226130653106,0.04850746268656714,0.03822441430332901,0.0293040293040292,0.0230303030303034,0.01807228915662762,0.014388489208633004,0.014319809069212042,0.013048635824436161,0.012971698113208419,0.012925969447707075,0.014084507042253946,0.015276145710927835,0.017605633802817877,0.02112676056338003,0.024676850763805547,0.028268551236749317,0.0330578512396702,0.03668639053254452,0.04038004750593771,0.045400238948625216,0.0516826923076934,0.059178743961352254,0.06690997566910006,0.07579462102689583,0.08754623921084992,0.09803921568627416,0.11235955056179847,0.1264222503160557,0.14249037227214423,0.16036505867014306,0.17941952506596337,0.19656992084432723,0.21212121212121282,0.22793148880105463,0.24473684210526336,0.2605263157894733,0.27595269382391585,0.28777923784494064,0.30052493438320127,0.3097112860892377,0.3175853018372692,0.32283464566929077,0.32765399737876777,0.3289646133682833,0.3267716535433074,0.32329842931937236,0.31937172774869005,0.3163398692810464,0.31290743155149947,0.30899608865710704,0.3046875
20,0.4222766217870255,0.4145454545454541,0.4086538461538467,0.40357142857142847,0.3995271867612278,0.3995299647473569,0.40046838407494256,0.402325581395349,0.40625,0.41081703107019507,0.4174311926605512,0.4257990867579906,0.435227272727273,0.44570135746606354,0.4577226606538911,0.46860986547085126,0.4804469273743024,0.49441964285714235,0.5066815144766146,0.5183129855715869,0.5237045203969135,0.5261437908496731,0.5304347826086957,0.5504994450610425,0.5561735261401566,0.5595105672969964,0.5612472160356337,0.5618729096989981,0.5615212527964193,0.5606741573033709,0.5586907449209928,0.5555555555555554,0.5496009122006846,0.5424311926605494,0.5290102389078513,0.5228832951945073,0.5185185185185173,0.5069444444444446,0.49305555555555536,0.47745664739884397,0.4586206896551719,0.4400000000000013,0.42093287827076153,0.40317100792752036,0.38574660633484115,0.3687782805429869,0.3522083805209508,0.33447098976109224,0.31615120274914155,0.29676674364896094,0.27972027972028,0.2614840989399294,0.24372759856630744,0.22518159806295301,0.20537897310513387,0.18259803921568718,0.16359163591635806,0.14609571788413156,0.12704402515723245,0.10984848484848442,0.09632446134347283,0.0804020100502516,0.0684079601990053,0.05548705302096124,0.04639804639804623,0.03878787878787904,0.03012048192771033,0.026378896882492953,0.02505966587112063,0.02372479240806591,0.02476415094339579,0.024676850763805547,0.024647887323943962,0.027027027027026307,0.028169014084507893,0.031690140845071824,0.035252643948295415,0.03886925795053031,0.04250295159386219,0.04733727810650912,0.051068883610451365,0.056152927120669105,0.06370192307692335,0.07246376811594146,0.08150851581508611,0.09290953545232306,0.10604192355117092,0.117647058823529,0.13483146067415674,0.1529709228824263,0.17073170731707243,0.19295958279009007,0.21108179419525186,0.23350923482849595,0.250329380764164,0.2700922266139667,0.28815789473684106,0.3065789473684202,0.3232588699080168,0.3363994743758223,0.34776902887139016,0.35826771653543155,0.3648293963254581,0.37007874015747966,0.3735255570117957,0.37221494102228014,0.37007874015747966,0.36649214659686,0.35994764397905676,0.3568627450980397,0.35071707953063935,0.34680573663624514,0.33984375
21,0.41982864137087006,0.4121212121212121,0.40504807692307665,0.401190476190477,0.3983451536643017,0.3995299647473569,0.40281030444965005,0.40697674418604635,0.41319444444444464,0.421173762945914,0.4311926605504599,0.4417808219178081,0.45568181818181763,0.46832579185520373,0.4836527621195046,0.5,0.5162011173184364,0.5301339285714288,0.5434298440979948,0.5549389567147607,0.5611907386990076,0.5664488017429203,0.5728260869565229,0.5915649278579362,0.5973303670745285,0.6017797552836477,0.6046770601336302,0.6053511705685626,0.605145413870245,0.6033707865168534,0.6015801354401802,0.5997732426303859,0.5952109464082103,0.5894495412844023,0.5756541524459617,0.5697940503432495,0.5648148148148149,0.5532407407407405,0.5405092592592577,0.5248554913294807,0.5057471264367805,0.4891428571428573,0.4709897610921505,0.4541336353340881,0.4366515837104057,0.41968325791855143,0.40090600226500506,0.3833902161547229,0.3654066437571597,0.34757505773672115,0.3310023310023311,0.31213191990577194,0.2939068100358426,0.2748184019370452,0.25305623471882654,0.23039215686274517,0.20664206642066318,0.18639798488664994,0.16477987421383666,0.14520202020202078,0.12801013941698258,0.11055276381909529,0.09577114427860778,0.08014796547472258,0.06715506715506692,0.058181818181818556,0.049397590361445864,0.04436450839328465,0.04176610978520223,0.03914590747331026,0.03773584905660421,0.0376028202115144,0.03873239436619791,0.03995299647473516,0.04107981220657386,0.043427230046949816,0.047003525264393886,0.049469964664311306,0.05430932703660041,0.05798816568047371,0.0629453681710217,0.0692951015531662,0.07692307692307665,0.08695652173913082,0.09732360097323678,0.11002444987775029,0.1257706535141807,0.14093137254901933,0.1610486891385765,0.18204804045512013,0.20154043645699637,0.22946544980443306,0.24802110817942058,0.2757255936675467,0.29512516469038275,0.31884057971014457,0.33947368421052637,0.3578947368421055,0.3745072273324581,0.38764783180026363,0.40026246719160063,0.4081364829396321,0.41469816272965865,0.4186351706036735,0.42070773263433914,0.41808650065530806,0.41469816272965865,0.4096858638743459,0.40314136125654443,0.39738562091503304,0.3898305084745779,0.38331160365058814,0.3763020833333339
22,0.4124847001224001,0.40363636363636424,0.3978365384615383,0.3952380952380956,0.3936170212765955,0.39717978848413615,0.403981264637002,0.41046511627907023,0.4201388888888893,0.43153049482163297,0.44495412844036863,0.4589041095890405,0.47499999999999964,0.49208144796380004,0.5107102593010158,0.5280269058295968,0.5463687150837995,0.5625,0.5779510022271719,0.5915649278579362,0.5997794928335178,0.6045751633986942,0.6130434782608702,0.6337402885682568,0.6395995550611797,0.6440489432703007,0.6469933184855226,0.6477146042363433,0.6476510067114098,0.6460674157303377,0.6444695259593676,0.64172335600907,0.637400228050172,0.6318807339449535,0.6166097838452789,0.610983981693364,0.6076388888888893,0.5960648148148149,0.5833333333333321,0.5687861271676304,0.5517241379310338,0.5337142857142858,0.5142207053469843,0.4983012457531135,0.47963800904977383,0.4660633484162897,0.4496036240090593,0.4334470989761101,0.41695303550973684,0.39953810623556585,0.3834498834498845,0.3651354534746769,0.34767025089605674,0.32808716707021723,0.3056234718826403,0.28186274509804043,0.2570725707257058,0.23677581863979924,0.21257861635220188,0.18939393939393945,0.16983523447401794,0.14949748743718594,0.13184079601990106,0.11220715166461126,0.09768009768009733,0.08606060606060595,0.07349397590361484,0.06594724220623505,0.06205250596658729,0.05931198102016566,0.056603773584905426,0.055229142185662994,0.05399061032863983,0.054054054054052614,0.05516431924882603,0.057511737089201986,0.05992949471210274,0.06242638398115474,0.06729634002361351,0.07100591715976279,0.07719714964370539,0.0836320191158908,0.09375,0.10386473429951693,0.11678832116788307,0.13202933985330034,0.15043156596794027,0.16789215686274517,0.18976279650437,0.2136536030341336,0.23748395378690645,0.26857887874836983,0.29287598944591053,0.32453825857519725,0.34650856389986906,0.3715415019762851,0.3907894736842099,0.409210526315789,0.4244415243101187,0.43889618922470497,0.45013123359579943,0.4580052493438309,0.46194225721784754,0.46456692913385744,0.46395806028833597,0.4613368283093049,0.45669291338582596,0.4515706806282722,0.44371727748691114,0.4366013071895427,0.427640156453716,0.42112125162972625,0.4127604166666661
23,0.40146878824969434,0.3939393939393945,0.38942307692307665,0.3880952380952376,0.3888888888888875,0.39482961222091717,0.403981264637002,0.4139534883720941,0.4270833333333339,0.4418872266973519,0.4587155963302756,0.47602739726027465,0.49659090909090864,0.5158371040723981,0.537767756482527,0.5571748878923763,0.5776536312849156,0.5970982142857135,0.6158129175946545,0.6293007769145387,0.6394707828004407,0.6437908496732039,0.6510869565217394,0.6725860155382914,0.6785317018909911,0.6829810901001103,0.684855233853007,0.6845039018952068,0.6845637583892614,0.6831460674157306,0.6805869074492108,0.679138321995465,0.6750285062713797,0.6685779816513762,0.654152445961321,0.6475972540045767,0.6446759259259256,0.6342592592592595,0.6215277777777768,0.6080924855491343,0.5908045977011493,0.5748571428571427,0.5585893060295781,0.5436013590033966,0.5282805429864244,0.512443438914028,0.49716874292185587,0.4835039817974973,0.46849942726231397,0.4526558891454968,0.4370629370629384,0.42167255594817554,0.40382317801672585,0.3849878934624691,0.36308068459657683,0.33823529411764675,0.3124231242312412,0.2921914357682631,0.2666666666666657,0.2424242424242422,0.2192648922686935,0.19472361809045324,0.17537313432835866,0.15413070283600483,0.13553113553113505,0.120000000000001,0.10602409638554278,0.0959232613908867,0.09069212410501137,0.08422301304863566,0.08018867924528372,0.07755581668625133,0.07511737089201986,0.07403055229142019,0.07394366197183189,0.07394366197183189,0.07638072855464095,0.07891637220259184,0.08382526564344772,0.08875739644970437,0.09382422802850243,0.10155316606929432,0.11298076923077005,0.12560386473430007,0.14111922141119315,0.15892420537897323,0.17879161528976617,0.1985294117647065,0.22471910112359517,0.2515802781289498,0.27984595635430054,0.31290743155149947,0.3430079155672825,0.3733509234828496,0.39657444005270115,0.4216073781291172,0.44342105263157805,0.46184210526315717,0.47568988173456006,0.48751642575558485,0.4973753280839883,0.5039370078740149,0.5078740157480315,0.5091863517060364,0.5072083879423328,0.5045871559633035,0.49868766404199505,0.49214659685863893,0.4829842931937165,0.4745098039215687,0.464146023468059,0.4563233376792706,0.4466145833333339
24,0.39045287637698856,0.3842424242424247,0.38100961538461675,0.38214285714285623,0.3853427895981074,0.39482961222091717,0.4063231850117095,0.4197674418604649,0.43634259259259345,0.45339470655926206,0.4736238532110093,0.4954337899543386,0.5181818181818176,0.5407239819004523,0.5648252536640364,0.5885650224215251,0.6122905027932966,0.6350446428571423,0.6525612472160347,0.6670366259711429,0.6769570011025365,0.6797385620915044,0.6869565217391305,0.7081021087680348,0.7141268075639609,0.7174638487208007,0.7182628062360799,0.717948717948719,0.7170022371364642,0.7157303370786519,0.7121896162528216,0.7097505668934243,0.7058152793614596,0.6995412844036686,0.684869169510808,0.6784897025171617,0.6759259259259256,0.6655092592592595,0.6539351851851851,0.6404624277456659,0.6241379310344826,0.6080000000000005,0.5927189988623436,0.5775764439411102,0.5644796380090487,0.5509049773755663,0.5402038505096254,0.5278725824800912,0.5154639175257731,0.503464203233257,0.49067599067599055,0.4770318021201412,0.46236559139784816,0.4455205811138008,0.42420537897310595,0.39950980392156943,0.37392373923739086,0.35516372795969886,0.32704402515723174,0.30050505050505016,0.2762991128010128,0.25,0.2251243781094523,0.20221948212083873,0.18192918192918128,0.1648484848484859,0.14698795180722968,0.13429256594724137,0.12410501193317458,0.11625148279952491,0.10966981132075482,0.10458284371327764,0.10093896713615003,0.09753231492361891,0.0962441314553999,0.0962441314553999,0.09753231492361891,0.10011778563015383,0.10389610389610482,0.10887573964497044,0.11638954869358642,0.1254480286738353,0.13822115384615508,0.1521739130434785,0.16909975669099708,0.1894865525672369,0.21208384710234185,0.23406862745098067,0.2646691635455678,0.29456384323640883,0.3260590500641847,0.36114732724902154,0.39577836411609546,0.42480211081794117,0.4492753623188399,0.47430830039525773,0.4960526315789462,0.5131578947368425,0.5256241787122207,0.5361366622864647,0.5446194225721772,0.5498687664041988,0.5538057742782136,0.5538057742782136,0.5517693315858452,0.5465268676277848,0.5393700787401574,0.5301047120418847,0.5209424083769623,0.5111111111111111,0.49934810951760156,0.49022164276401625,0.48046875
25,0.3818849449204418,0.37818181818181706,0.37620192307692335,0.37976190476190474,0.3853427895981074,0.3960047003525258,0.41100702576112447,0.4279069767441861,0.44560185185185297,0.4660529344073634,0.4896788990825698,0.5148401826484026,0.540909090909091,0.5678733031674206,0.596392333709133,0.623318385650224,0.6491620111731855,0.6707589285714288,0.6881959910913142,0.702552719200888,0.7111356119073875,0.7135076252723316,0.7195652173913043,0.7391786903440618,0.7441601779755285,0.7452725250278078,0.7449888641425382,0.7435897435897445,0.7427293064876945,0.7393258426966298,0.7358916478555297,0.7324263038548757,0.7286202964652233,0.7224770642201825,0.7064846416382267,0.7013729977116707,0.6990740740740744,0.6886574074074083,0.6782407407407405,0.6658959537572269,0.650574712643678,0.6377142857142868,0.6234357224118323,0.6104190260475644,0.5995475113122168,0.5882352941176467,0.5764439411098525,0.5665529010238917,0.5567010309278349,0.5473441108545032,0.5372960372960378,0.5265017667844525,0.5161290322580641,0.5024213075060526,0.4853300733496333,0.46200980392156943,0.43788437884378695,0.4206549118387919,0.39371069182389995,0.3674242424242422,0.34220532319391594,0.3140703517587937,0.28731343283582156,0.26017262638717575,0.23565323565323482,0.2157575757575767,0.19518072289156585,0.18105515587529908,0.16945107398568027,0.15776986951364158,0.14740566037735903,0.13983548766157305,0.13380281690140983,0.12925969447708496,0.12676056338028197,0.125586854460094,0.1257344300822556,0.12720848056537193,0.13223140495867902,0.13727810650887662,0.1448931116389538,0.15531660692951021,0.16826923076923173,0.18478260869565233,0.20316301703162942,0.22616136919315366,0.2527743526510484,0.27696078431372584,0.30836454431960014,0.34260429835651074,0.3799743260590507,0.4159061277705334,0.4485488126649084,0.4762532981530345,0.5019762845849804,0.525691699604744,0.5473684210526315,0.564473684210526,0.5781865965834427,0.5873850197109078,0.5931758530183728,0.5971128608923877,0.5984251968503926,0.5984251968503926,0.5937090432503282,0.5871559633027523,0.5787401574803148,0.5680628272251322,0.5562827225130889,0.5450980392156861,0.5332464146023472,0.5241199478487619,0.5143229166666661
26,0.37821297429620593,0.37575757575757507,0.375,0.3809523809523814,0.3877068557919614,0.4018801410105759,0.41920374707260066,0.4372093023255825,0.4583333333333339,0.4833141542002295,0.509174311926607,0.5365296803652964,0.5659090909090914,0.5961538461538467,0.6279594137542279,0.6569506726457401,0.6815642458100566,0.703125,0.7204899777282847,0.7347391786903437,0.740904079382581,0.7407407407407405,0.7445652173913047,0.7635960044395116,0.7675194660734146,0.7675194660734146,0.7661469933184843,0.7625418060200673,0.7606263982102899,0.7561797752808985,0.7528216704288937,0.7494331065759638,0.7445838084378575,0.738532110091743,0.7235494880546085,0.7185354691075521,0.7175925925925917,0.7083333333333339,0.6990740740740726,0.6867052023121403,0.6735632183908038,0.6594285714285721,0.6473265073947658,0.6342015855039627,0.624434389140271,0.615384615384615,0.6070215175537932,0.599544937428897,0.5922107674684991,0.5854503464203233,0.5780885780885789,0.5724381625441701,0.5639187574671443,0.5544794188861975,0.5391198044009791,0.5196078431372548,0.4981549815498152,0.4848866498740563,0.4603773584905664,0.43560606060606055,0.41191381495563917,0.3819095477386938,0.3532338308457721,0.3255240443896419,0.2991452991452981,0.27636363636363726,0.2530120481927707,0.2350119904076724,0.2219570405727911,0.2087781731909839,0.19575471698113311,0.18448883666274796,0.1760563380281699,0.1703877790834305,0.1643192488262919,0.16197183098591594,0.1621621621621614,0.16254416961130858,0.16646989374262233,0.172781065088758,0.17933491686460812,0.1911589008363208,0.20673076923077005,0.22463768115941996,0.24574209245742118,0.2689486552567235,0.29716399506781777,0.3259803921568629,0.36204744069912564,0.39570164348925374,0.43003851091142486,0.4654498044328541,0.4986807387862804,0.5277044854881261,0.5533596837944668,0.5797101449275353,0.5999999999999996,0.6157894736842096,0.6281208935611033,0.634691195795007,0.6391076115485568,0.6417322834645667,0.6417322834645667,0.6391076115485568,0.6343381389252958,0.6264744429882043,0.6181102362204722,0.606020942408378,0.592931937172775,0.5790849673202612,0.5671447196870929,0.5567144719687107,0.546875
27,0.3769889840881273,0.37696969696969695,0.3798076923076934,0.386904761904761,0.39716312056737557,0.412455934195064,0.4309133489461363,0.4511627906976745,0.4745370370370381,0.501726121979285,0.5298165137614692,0.5605022831050235,0.5931818181818169,0.6266968325791851,0.6617812852311165,0.6894618834080717,0.7139664804469277,0.734375,0.7494432071269479,0.7613762486126525,0.7662624035281151,0.7636165577342062,0.7652173913043487,0.7835738068812432,0.7842046718576192,0.7830923248053381,0.7795100222717153,0.774804905239689,0.7718120805369129,0.7674157303370794,0.7629796839729117,0.7596371882086164,0.7559863169897376,0.751146788990825,0.7372013651877136,0.7334096109839816,0.7326388888888893,0.7245370370370381,0.7152777777777768,0.705202312138729,0.6919540229885062,0.6800000000000015,0.6678043230944262,0.6557191392978474,0.6470588235294112,0.6391402714932131,0.6319365798414491,0.626848691695109,0.6231386025200454,0.6177829099307157,0.6142191142191145,0.6113074204947004,0.6057347670250888,0.5992736077481844,0.5880195599022002,0.5723039215686274,0.554735547355472,0.5453400503778347,0.5232704402515722,0.5012626262626263,0.4790874524714823,0.4510050251256281,0.4216417910447756,0.3933415536374838,0.3650793650793638,0.3418181818181818,0.31686746987951864,0.2973621103117505,0.2804295942720767,0.26453143534994084,0.25,0.23854289071680235,0.227699530516432,0.21974148061104515,0.21361502347417982,0.20892018779342791,0.20799059929494668,0.20730270906949322,0.21133412042503075,0.21775147928994087,0.22327790973871764,0.23655913978494603,0.2524038461538467,0.270531400966183,0.29440389294403957,0.320293398533007,0.351418002466092,0.3762254901960791,0.41198501872659143,0.4450063211125155,0.4813863928112969,0.5176010430247722,0.5540897097625326,0.5844327176781015,0.608695652173914,0.6297760210803673,0.6473684210526311,0.659210526315789,0.6701708278580831,0.6754270696452025,0.6784776902887124,0.6797900262467174,0.6797900262467174,0.6771653543307075,0.6710353866317185,0.663171690694627,0.6522309711286098,0.6400523560209432,0.6256544502617789,0.6130718954248362,0.598435462842243,0.5880052151238608,0.578125
28,0.37943696450428455,0.38181818181818095,0.3870192307692317,0.39642857142857224,0.40780141843971585,0.42538190364277284,0.4461358313817332,0.46744186046511693,0.4942129629629637,0.5224395857307247,0.5527522935779832,0.5867579908675804,0.6238636363636356,0.6606334841628954,0.6944757609921091,0.7208520179372204,0.7430167597765358,0.7611607142857135,0.7739420935412031,0.7824639289678128,0.7850055126791631,0.7799564270152519,0.7793478260869566,0.7957824639289672,0.7942157953281423,0.7908787541713007,0.7850779510022274,0.7803790412486062,0.7774049217002226,0.7741573033707869,0.7708803611738144,0.7687074829931984,0.7662485746864309,0.762614678899082,0.7485779294653021,0.7459954233409611,0.7465277777777768,0.7395833333333339,0.731481481481481,0.7213872832369947,0.7091954022988496,0.6971428571428575,0.6860068259385663,0.6749716874292186,0.6640271493212655,0.6595022624434392,0.6534541336353339,0.6507394766780443,0.6483390607101942,0.6454965357967666,0.6433566433566433,0.6431095406360434,0.6415770609318994,0.6392251815980625,0.6295843520782398,0.6176470588235308,0.6039360393603932,0.6007556675062986,0.5811320754716984,0.5631313131313131,0.5449936628643854,0.5175879396984939,0.4912935323383092,0.46362515413070327,0.43589743589743435,0.410909090909092,0.38433734939759034,0.3645083932853712,0.34606205250596567,0.3285883748517193,0.3125,0.29964747356051546,0.28755868544600993,0.2784958871915393,0.26995305164319383,0.2652582159624419,0.26204465334900107,0.2614840989399294,0.26446280991735627,0.2698224852071007,0.2755344418052257,0.2891278375149344,0.306490384615385,0.3272946859903385,0.3515815085158156,0.37775061124694354,0.40690505548705325,0.4313725490196081,0.4669163545568047,0.5006321112515799,0.5378690629011551,0.5762711864406782,0.6121372031662276,0.638522427440634,0.6574440052700936,0.6745718050065861,0.6868421052631586,0.6973684210526301,0.7056504599211557,0.7122207621550594,0.7139107611548532,0.7139107611548532,0.7125984251968482,0.7086614173228334,0.7024901703800808,0.693315858453472,0.6837270341207358,0.6701570680628279,0.657068062827225,0.6431372549019603,0.6297262059973932,0.6192959582790092,0.6080729166666661
29,0.38555691554467586,0.3903030303030306,0.3978365384615383,0.4083333333333332,0.4219858156028362,0.44183313748531106,0.4625292740046838,0.48720930232558146,0.5150462962962976,0.545454545454545,0.5791284403669739,0.6164383561643838,0.6568181818181813,0.6923076923076916,0.7237880496054121,0.7488789237668154,0.7675977653631296,0.7823660714285712,0.7928730512249444,0.8002219755826854,0.7993384785005517,0.7919389978213509,0.788043478260871,0.8002219755826854,0.797552836484984,0.7919911012235819,0.7873051224944323,0.7826086956521738,0.7796420581655479,0.7775280898876407,0.775395033860045,0.7743764172335599,0.7730900798175604,0.7706422018348622,0.7588168373151305,0.7562929061784889,0.7592592592592595,0.7523148148148149,0.7453703703703702,0.7364161849710982,0.7241379310344822,0.7142857142857153,0.7030716723549482,0.6930917327293322,0.6855203619909496,0.6787330316742075,0.673839184597961,0.6712172923777029,0.671248568155784,0.6697459584295622,0.6689976689976689,0.672555948174324,0.6690561529271211,0.6731234866828082,0.6687041564792171,0.6580882352941178,0.6482164821648215,0.6486146095717888,0.6327044025157225,0.6161616161616159,0.6020278833967048,0.5778894472361813,0.554726368159205,0.5289765721331694,0.5042735042735043,0.4812121212121223,0.45662650602409727,0.43645083932853623,0.4188544152744633,0.4009489916963229,0.3832547169811331,0.3689776733254977,0.35446009389671396,0.34430082256169037,0.3356807511737099,0.328638497652582,0.32549941245593317,0.32391048292108415,0.3258559622195989,0.3301775147928989,0.3384798099762474,0.3512544802867392,0.368990384615385,0.3888888888888893,0.41240875912408725,0.4376528117359424,0.46609124537607904,0.4889705882352935,0.5268414481897636,0.5600505689001256,0.5969191270860073,0.6323337679269887,0.6649076517150405,0.6833773087071222,0.7022397891963124,0.7140974967061915,0.7263157894736825,0.7368421052631575,0.7411300919842319,0.745072273324574,0.7454068241469791,0.7440944881889742,0.7414698162729643,0.7375328083989494,0.7300131061598947,0.7208387942332894,0.7112860892388433,0.698952879581153,0.6858638743455501,0.6732026143790844,0.6597131681877446,0.6479791395045638,0.6380208333333339
30,0.39534883720930303,0.40242424242424235,0.4110576923076934,0.4250000000000007,0.43971631205673667,0.45945945945945965,0.48243559718969564,0.5093023255813964,0.5381944444444446,0.5707710011507476,0.6077981651376163,0.6484018264840188,0.6875,0.7228506787330318,0.7531003382187151,0.773542600896862,0.7877094972067038,0.8002232142857135,0.8084632516703785,0.8113207547169807,0.8081587651598685,0.7962962962962976,0.7902173913043491,0.8002219755826854,0.7953281423804235,0.7897664071190214,0.7850779510022274,0.7826086956521738,0.7807606263982105,0.7797752808988765,0.7787810383747171,0.7789115646258509,0.7787913340935013,0.7775229357798157,0.7667804323094423,0.7654462242562925,0.7685185185185173,0.762731481481481,0.7581018518518512,0.750289017341041,0.7379310344827577,0.7291428571428575,0.7189988623435717,0.7100792751981881,0.7024886877828038,0.6968325791855197,0.6919592298980746,0.6916951080773615,0.6907216494845354,0.6916859122401853,0.6934731934731939,0.6961130742049484,0.6977299880525685,0.6997578692493942,0.6992665036674826,0.6936274509803919,0.6851168511685106,0.6901763224181376,0.6767295597484271,0.6654040404040398,0.6527249683143221,0.6319095477386938,0.6106965174129346,0.5881627620221952,0.5665445665445663,0.545454545454545,0.5265060240963866,0.5071942446043156,0.4928400954653931,0.47449584816132884,0.45872641509433976,0.44418331374853004,0.43075117370892,0.4195064629847227,0.40962441314554,0.4025821596244139,0.39835487661574476,0.3969375736160199,0.3990554899645815,0.40355029585798796,0.41211401425178096,0.42413381123058613,0.4399038461538467,0.4589371980676322,0.4817518248175183,0.5061124694376531,0.5326757090012322,0.5526960784313726,0.5880149812734086,0.6182048040455115,0.6521181001283693,0.684485006518905,0.7124010554089715,0.7308707124010567,0.7444005270092227,0.7536231884057969,0.7605263157894715,0.7684210526315773,0.7713534822601851,0.7713534822601851,0.7716535433070852,0.7690288713910753,0.7650918635170605,0.7598425196850371,0.7522935779816535,0.7444298820445621,0.7349081364829395,0.7225130890052363,0.7107329842931946,0.6980392156862756,0.6857887874837036,0.6753585397653197,0.6666666666666661
31,0.4112607099143215,0.4193939393939399,0.4290865384615383,0.44285714285714306,0.458628841607565,0.47943595769682723,0.504683840749415,0.5325581395348848,0.5636574074074083,0.5983889528193327,0.6387614678899087,0.6803652968036538,0.7181818181818169,0.7511312217194561,0.7767756482525368,0.7926008968609874,0.8055865921787717,0.8147321428571423,0.8195991091314028,0.8190899001109884,0.8103638368246973,0.7962962962962976,0.7869565217391319,0.7946725860155386,0.7897664071190214,0.7853170189099004,0.7828507795100226,0.7803790412486062,0.7796420581655479,0.7797752808988765,0.7799097065462757,0.7811791383219955,0.7822120866590652,0.7821100917431192,0.7724687144482374,0.7734553775743702,0.7777777777777768,0.7731481481481488,0.7685185185185173,0.7618497109826592,0.7517241379310349,0.7428571428571438,0.7337883959044369,0.7270668176670441,0.7205882352941178,0.7160633484162897,0.711211778029444,0.7098976109215016,0.7101947308132868,0.7113163972286376,0.7144522144522156,0.7173144876325104,0.7228195937873352,0.7239709443099276,0.7237163814180931,0.7205882352941178,0.7134071340713408,0.7204030226700269,0.7106918238993707,0.7032828282828287,0.6945500633713557,0.6771356783919611,0.6592039800995018,0.6411837237977807,0.6227106227106223,0.6060606060606073,0.5891566265060248,0.571942446043165,0.5608591885441516,0.5456702253855283,0.5318396226415096,0.5170387779083416,0.5070422535211279,0.49588719153936545,0.488262910798122,0.4812206572769959,0.47826086956521685,0.47585394581860996,0.47815820543093324,0.48284023668639087,0.4916864608076015,0.5041816009557945,0.5204326923076934,0.5362318840579707,0.5559610705596114,0.5757946210268958,0.5992601726263871,0.6139705882352935,0.6466916354556798,0.6725663716814143,0.7034659820282414,0.732724902216427,0.761213720316622,0.7730870712401057,0.7799736495388672,0.786561264822133,0.7907894736842085,0.7960526315789487,0.7963206307490154,0.7963206307490154,0.7939632545931765,0.7900262467191581,0.7860892388451433,0.7795275590551185,0.7719528178243777,0.7627785058977725,0.7545931758530173,0.7434554973822003,0.7316753926701551,0.7202614379084977,0.7092568448500653,0.70013037809648,0.6901041666666661
32,0.42962056303549545,0.4375757575757575,0.4483173076923084,0.46309523809523867,0.4787234042553177,0.5017626321974156,0.528103044496488,0.5569767441860467,0.5914351851851851,0.6294591484464895,0.6708715596330279,0.7111872146118721,0.747727272727273,0.7760180995475121,0.7959413754227747,0.8094170403587437,0.8189944134078218,0.8247767857142865,0.8251670378619149,0.820199778024417,0.8081587651598685,0.7908496732026151,0.7782608695652176,0.786903440621531,0.7830923248053399,0.7797552836484982,0.7772828507795104,0.7759197324414728,0.7762863534675617,0.7775280898876407,0.7787810383747171,0.7823129251700678,0.7844925883694422,0.7855504587155959,0.7770193401592724,0.7791762013729979,0.7847222222222214,0.78125,0.7789351851851851,0.7734104046242773,0.7632183908045977,0.75657142857143,0.7485779294653021,0.7406568516421288,0.735294117647058,0.7319004524886878,0.7281993204982999,0.7281001137656435,0.7285223367697604,0.7297921478060054,0.7331002331002328,0.7361601884570081,0.7407407407407405,0.7481840193704592,0.7457212713936432,0.7426470588235308,0.7380073800737996,0.748110831234257,0.7408805031446537,0.7361111111111107,0.7300380228136873,0.71608040201005,0.7014925373134329,0.686806411837237,0.6703296703296697,0.6569696969696981,0.6433734939759042,0.6306954436450827,0.6205250596658711,0.6073546856465004,0.5955188679245289,0.5851938895417153,0.5751173708920199,0.5675675675675667,0.5598591549295779,0.5539906103286398,0.5522914218566388,0.5500588928150769,0.552538370720189,0.5562130177514799,0.5641330166270784,0.5746714456391881,0.5901442307692317,0.6050724637681153,0.6204379562043805,0.6381418092909534,0.6584463625154129,0.6703431372549016,0.6991260923845193,0.7231352718078377,0.7509627727856216,0.7796610169491505,0.8007915567282318,0.8073878627968334,0.8129117259552032,0.8168642951251641,0.8184210526315798,0.8210526315789473,0.819973718791065,0.8173455978975035,0.8136482939632543,0.8083989501312345,0.8031496062992112,0.7952755905511815,0.7863695937090434,0.7771952817824381,0.7677165354330704,0.7565445026178033,0.7460732984293195,0.7359477124183016,0.7249022164276404,0.7170795306388538,0.7096354166666661
33,0.44798041615667117,0.456969696969697,0.46754807692307665,0.4833333333333325,0.5,0.5252643948296125,0.5526932084309131,0.5848837209302324,0.6215277777777786,0.6616800920598376,0.7029816513761471,0.7420091324200921,0.7750000000000004,0.7963800904977383,0.8128523111612189,0.8228699551569516,0.8290502793296088,0.8303571428571423,0.8262806236080174,0.8168701442841293,0.8015435501653805,0.7799564270152519,0.7684782608695659,0.7780244173140947,0.7741935483870979,0.7719688542825356,0.7694877505567934,0.76923076923077,0.7718120805369129,0.7752808988764048,0.7776523702031604,0.7823129251700678,0.7867730900798175,0.7889908256880727,0.7815699658703075,0.7848970251716239,0.7928240740740744,0.7905092592592595,0.7881944444444446,0.7838150289017349,0.7770114942528732,0.7702857142857145,0.7622298065984072,0.7565118912797271,0.752262443438914,0.75,0.7474518686296712,0.7463026166097855,0.7502863688430708,0.7494226327944578,0.752913752913754,0.7561837455830389,0.7622461170848265,0.7663438256658583,0.7689486552567235,0.764705882352942,0.7601476014760138,0.772040302267003,0.7660377358490571,0.762626262626263,0.7604562737642588,0.7487437185929657,0.7375621890547261,0.723797780517879,0.7106227106227099,0.6993939393939392,0.6879518072289166,0.6774580335731404,0.6706443914081142,0.6595492289442468,0.6509433962264151,0.642773207990599,0.634976525821596,0.6298472385428902,0.624413145539906,0.6197183098591559,0.6180963572267917,0.6160188457008253,0.6186540731995294,0.622485207100592,0.6306413301662701,0.6403823178016719,0.6538461538461551,0.6666666666666661,0.6812652068126521,0.69559902200489,0.7127003699136871,0.7205882352941178,0.7453183520599254,0.7673830594184565,0.7920410783055196,0.8161668839634952,0.8337730870712399,0.8403693931398415,0.8418972332015819,0.8445322793148868,0.8447368421052612,0.844736842105263,0.8409986859395531,0.8357424441524302,0.8307086614173222,0.8241469816272975,0.8175853018372692,0.8097112860892395,0.7994757536041952,0.79030144167759,0.7808398950131235,0.770942408376964,0.7604712041884802,0.7503267973856218,0.7405475880052172,0.7327249022164288,0.7265625
34,0.4663402692778469,0.47515151515151466,0.48798076923077005,0.5035714285714281,0.5236406619385328,0.5499412455934198,0.5796252927400474,0.6139534883720934,0.6539351851851851,0.6939010356731874,0.736238532110093,0.7705479452054789,0.7965909090909093,0.8133484162895925,0.8263810597519736,0.8329596412556057,0.8357541899441348,0.8314732142857135,0.8229398663697101,0.8102108768035521,0.790518191841235,0.7679738562091512,0.7576086956521753,0.7669256381798011,0.7641824249165747,0.7619577308120125,0.7616926503340746,0.7625418060200673,0.7662192393736014,0.7707865168539332,0.7765237020316036,0.7823129251700678,0.7879133409350061,0.7924311926605494,0.7872582480091026,0.7917620137299775,0.8009259259259256,0.799768518518519,0.7997685185185173,0.7965317919075154,0.7908045977011486,0.7851428571428585,0.7804323094425474,0.7746319365798406,0.7714932126696823,0.76923076923077,0.7689694224235559,0.7679180887372024,0.7720504009163811,0.7702078521939963,0.7762237762237767,0.7773851590106009,0.7837514934289125,0.7869249394673119,0.7897310513447433,0.7855392156862742,0.7810578105781047,0.7934508816120918,0.7874213836477981,0.7853535353535364,0.7858048162230666,0.7751256281407048,0.7636815920398003,0.7533908754623919,0.7448107448107439,0.7369696969696982,0.7277108433734938,0.7206235011990394,0.714797136038186,0.7069988137603804,0.6981132075471699,0.6909518213866033,0.684272300469484,0.6803760282021134,0.6760563380281699,0.672535211267606,0.6721504112808443,0.6725559481743222,0.675324675324676,0.6792899408284025,0.6852731591448933,0.6953405017921153,0.70673076923077,0.7185990338164245,0.7311435523114351,0.7432762836185827,0.7583230579531435,0.7622549019607838,0.785268414481898,0.8053097345132727,0.8267008985879336,0.8474576271186454,0.8641160949868087,0.8693931398416872,0.8708827404479571,0.8695652173913047,0.8671052631578942,0.8644736842105267,0.8580814717477026,0.8515111695137989,0.8451443569553803,0.837270341207347,0.8280839895013123,0.8202099737532791,0.809960681520316,0.7994757536041934,0.7913385826771666,0.7801047120418865,0.770942408376964,0.760784313725491,0.7522816166883963,0.7457627118644083,0.7395833333333339
35,0.4834761321909422,0.4945454545454542,0.5084134615384617,0.5273809523809518,0.5484633569739952,0.5757931844888375,0.6100702576112411,0.6465116279069765,0.6863425925925934,0.7272727272727266,0.7672018348623855,0.794520547945206,0.8136363636363626,0.8269230769230766,0.8376550169109365,0.8396860986547079,0.8379888268156428,0.8292410714285712,0.8162583518930955,0.7991120976692567,0.7772877618522607,0.7559912854030504,0.7456521739130437,0.7547169811320753,0.7530589543937705,0.7519466073414893,0.7527839643652552,0.7547380156075807,0.7606263982102899,0.7674157303370794,0.7742663656884883,0.7823129251700678,0.7901938426453832,0.7970183486238529,0.792946530147896,0.7997711670480552,0.8101851851851851,0.8113425925925934,0.8125,0.8115606936416189,0.8080459770114938,0.8034285714285723,0.7997724687144476,0.797281993204983,0.7941176470588225,0.7941176470588243,0.7927519818799542,0.792946530147896,0.7961053837342504,0.7967667436489609,0.7995337995337994,0.8009422850412253,0.806451612903226,0.8099273607748181,0.8092909535452328,0.8039215686274517,0.8007380073800725,0.8136020151133501,0.8075471698113201,0.8055555555555554,0.8060836501901143,0.7964824120603016,0.788557213930348,0.780517879161529,0.7728937728937719,0.7660606060606057,0.7578313253012059,0.7529976019184641,0.750596658711217,0.7449584816132866,0.7370283018867934,0.7320799059929488,0.726525821596244,0.7262044653348987,0.7218309859154939,0.7194835680751179,0.71915393654524,0.719670200235571,0.7237308146399055,0.7266272189349117,0.7327790973871728,0.7407407407407405,0.7524038461538467,0.7620772946859908,0.7712895377128959,0.7836185819070902,0.7977805178791613,0.7990196078431371,0.8239700374531829,0.8394437420986094,0.8575096277278558,0.8748370273794013,0.8905013192612152,0.8931398416886545,0.8932806324110665,0.891963109354414,0.8881578947368407,0.8828947368421041,0.8751642575558485,0.8659658344283834,0.8569553805774284,0.8477690288713902,0.838582677165352,0.8293963254593173,0.8191349934469194,0.8099606815203142,0.8018372703412062,0.7905759162303667,0.7801047120418829,0.7712418300653603,0.7627118644067821,0.7574967405475874,0.7526041666666661
36,0.5042839657282752,0.5163636363636357,0.5324519230769234,0.5523809523809522,0.5756501182033098,0.6063454759106932,0.6416861826697904,0.6802325581395348,0.7199074074074083,0.761795166858457,0.7935779816513762,0.81392694063927,0.8284090909090907,0.8393665158371046,0.8455467869222097,0.8430493273542599,0.8357541899441348,0.8236607142857135,0.807349665924276,0.7857935627081023,0.7651598676957008,0.7440087145969496,0.7326086956521749,0.7425083240843513,0.7408231368186886,0.7408231368186868,0.7427616926503333,0.7469342251950959,0.7550335570469802,0.7640449438202239,0.7742663656884883,0.7845804988662142,0.793614595210947,0.8027522935779814,0.7997724687144494,0.808924485125857,0.8217592592592595,0.825231481481481,0.8287037037037024,0.828901734104047,0.8264367816091944,0.8251428571428576,0.8225255972696246,0.8210645526613813,0.8201357466063346,0.8212669683257925,0.8199320498301237,0.8225255972696246,0.8247422680412377,0.8244803695150118,0.8263403263403273,0.8280329799764434,0.8303464755077652,0.8329297820823243,0.8325183374083132,0.8259803921568629,0.8216482164821635,0.8299748110831242,0.8276729559748421,0.8257575757575761,0.8276299112801002,0.8190954773869361,0.8121890547263675,0.8051787916152886,0.7997557997557987,0.7963636363636368,0.7927710843373497,0.7901678657074331,0.7899761336515514,0.7852906287069992,0.7806603773584904,0.7767332549941237,0.773474178403756,0.772032902467684,0.7699530516431938,0.7664319248826299,0.7661574618096356,0.7679623085983511,0.7697756788665888,0.7715976331360945,0.7755344418052257,0.7837514934289125,0.7932692307692317,0.8019323671497585,0.8114355231143549,0.821515892420539,0.8347718865598033,0.8357843137254903,0.8551810237203501,0.8697850821744613,0.8831835686777918,0.9009126466753568,0.9142480211081789,0.9142480211081789,0.913043478260871,0.9090909090909101,0.9052631578947352,0.8986842105263158,0.8883048620236522,0.8764783180026292,0.866141732283463,0.8556430446194234,0.8464566929133852,0.837270341207347,0.8269986893840091,0.8178243774574039,0.8097112860892395,0.7984293193717278,0.787958115183244,0.7790849673202622,0.7718383311603674,0.7679269882659732,0.7656249999999982
37,0.5275397796817636,0.5418181818181811,0.5588942307692317,0.5809523809523807,0.6063829787234027,0.6392479435957696,0.6768149882903991,0.7151162790697683,0.758101851851853,0.7917146144994245,0.8130733944954134,0.8299086757990874,0.8420454545454543,0.8484162895927607,0.8500563697857952,0.8441704035874444,0.8324022346368718,0.8158482142857135,0.7962138084632517,0.7724750277469479,0.7519294377067265,0.7309368191721131,0.7206521739130434,0.7291897891231969,0.728587319243605,0.7285873192436032,0.7338530066815139,0.7402452619843931,0.7505592841163313,0.7617977528089881,0.7731376975169297,0.7868480725623588,0.7981755986316994,0.8096330275229349,0.8088737201365195,0.8192219679633865,0.8344907407407405,0.8402777777777786,0.8460648148148149,0.848554913294798,0.8482758620689648,0.8480000000000008,0.8475540386803182,0.8482446206115508,0.8484162895927589,0.8495475113122168,0.8493771234428085,0.852104664391355,0.853379152348225,0.8556581986143197,0.8543123543123556,0.857479387514724,0.8578255675029869,0.8595641646489103,0.8557457212713935,0.8492647058823533,0.841328413284133,0.8539042821158702,0.8477987421383641,0.8472222222222232,0.850443599493028,0.8454773869346734,0.8407960199004982,0.8360049321824903,0.8327228327228315,0.831515151515152,0.8289156626506031,0.8273381294964022,0.8269689737470163,0.8244365361803094,0.8207547169811331,0.8178613396004693,0.816901408450704,0.8166862514688589,0.8145539906103298,0.8122065727699539,0.8131609870740295,0.8138987043580688,0.8158205430932703,0.8177514792899405,0.8206650831353919,0.8267622461170845,0.8341346153846168,0.8405797101449277,0.8491484184914846,0.8581907090464558,0.868064118372379,0.8664215686274517,0.8851435705368296,0.8938053097345122,0.9075738125802317,0.9230769230769216,0.9340369393139838,0.9327176781002642,0.928853754940711,0.9235836627140976,0.9171052631578949,0.9105263157894719,0.8975032851511173,0.8856767411300908,0.8740157480314963,0.8622047244094482,0.85301837270341,0.8438320209973753,0.8348623853211024,0.8243774574049798,0.8162729658792642,0.804973821989531,0.7958115183246051,0.7882352941176478,0.7809647979139527,0.7783572359843554,0.7786458333333339
38,0.5544675642594861,0.5709090909090904,0.5889423076923084,0.6119047619047624,0.6406619385342776,0.6756756756756754,0.7131147540983616,0.7546511627906991,0.7928240740740744,0.8147295742232448,0.8302752293577988,0.8436073059360734,0.8522727272727266,0.8552036199095028,0.8523111612175889,0.841928251121077,0.8256983240223459,0.8069196428571423,0.783964365256125,0.7602663706992239,0.740904079382581,0.7200435729847499,0.7086956521739136,0.7158712541620424,0.7163515016685214,0.7185761957730801,0.7249443207126944,0.7335562987736903,0.7472035794183434,0.7606741573033702,0.775395033860045,0.7902494331065757,0.8050171037628289,0.8176605504587151,0.820250284414108,0.832951945080092,0.8495370370370363,0.856481481481481,0.8634259259259256,0.8693641618497114,0.8701149425287351,0.8719999999999999,0.8725824800910118,0.8742921857304644,0.8755656108597272,0.877828054298643,0.8765571913929779,0.8805460750853253,0.8820160366552123,0.884526558891455,0.8857808857808855,0.8845700824499421,0.8876941457586618,0.8861985472154963,0.8826405867970664,0.875,0.8646986469864686,0.8790931989924449,0.8716981132075468,0.8724747474747474,0.8783269961977176,0.8756281407035189,0.871890547263682,0.866831072749692,0.863247863247862,0.8618181818181814,0.8590361445783135,0.8585131894484412,0.8603818615751795,0.857651245551601,0.8549528301886795,0.8531139835487647,0.852112676056338,0.8519388954171561,0.8497652582159638,0.8485915492957758,0.8495887191539353,0.8492343934040054,0.8500590318772137,0.8520710059171606,0.8551068883610444,0.8602150537634401,0.8665865384615383,0.8719806763285014,0.8783454987834549,0.8863080684596572,0.8951911220715161,0.8909313725490193,0.9051186017478159,0.9140328697850819,0.9281129653401798,0.9426336375488926,0.9511873350923494,0.9485488126649066,0.9433465085638986,0.9354413702239803,0.9263157894736853,0.9171052631578931,0.904073587385021,0.8909329829172137,0.8779527559055111,0.867454068241468,0.8569553805774284,0.8490813648293951,0.840104849279161,0.829619921363042,0.8215223097112876,0.8115183246073308,0.8036649214659697,0.7960784313725497,0.790091264667538,0.7887874837027375,0.7890624999999982
39,0.5875152998776016,0.6048484848484854,0.6237980769230766,0.6500000000000004,0.6796690307328603,0.7132784958871916,0.754098360655739,0.7930232558139547,0.8182870370370381,0.8319907940161091,0.8451834862385326,0.8561643835616444,0.8613636363636363,0.8585972850678729,0.8523111612175889,0.8374439461883405,0.8178770949720668,0.7979910714285712,0.7717149220489965,0.7502774694783572,0.7309812568908498,0.7091503267973867,0.6978260869565229,0.7058823529411757,0.7063403781979982,0.7107897664071192,0.7193763919821823,0.7313266443701227,0.7460850111856825,0.7617977528089881,0.7787810383747171,0.795918367346939,0.8129988597491451,0.8279816513761471,0.8316268486916965,0.8466819221967956,0.8657407407407405,0.875,0.8831018518518512,0.8890173410404625,0.8919540229885055,0.8960000000000008,0.8976109215017072,0.8980747451868627,0.9004524886877814,0.9027149321266972,0.9014722536806339,0.9055745164960189,0.9072164948453612,0.9110854503464196,0.9114219114219111,0.9128386336866914,0.9151732377538817,0.9128329297820823,0.9095354523227392,0.8995098039215694,0.8905289052890524,0.9055415617128464,0.8981132075471692,0.9015151515151523,0.9062103929024072,0.9032663316582923,0.900497512437811,0.8964241676942049,0.8925518925518912,0.8909090909090907,0.8879518072289159,0.8872901678657072,0.8890214797136036,0.8873072360616838,0.8844339622641506,0.8836662749706221,0.884976525821596,0.8871915393654515,0.884976525821596,0.886150234741784,0.8871915393654515,0.8869257950530045,0.886658795749705,0.8863905325443788,0.8871733966745836,0.8888888888888893,0.8930288461538467,0.8949275362318829,0.900243309002434,0.9046454767726164,0.9124537607891483,0.9056372549019613,0.9200998751560547,0.9304677623261686,0.9448010269576379,0.9582790091264659,0.9656992084432723,0.9617414248021099,0.9538866930171288,0.9433465085638986,0.932894736842103,0.9223684210526315,0.9080157687253632,0.8935611038107751,0.880577427821521,0.8687664041994729,0.8608923884514432,0.85301837270341,0.8440366972477058,0.8348623853211006,0.8280839895013123,0.8193717277486918,0.8115183246073308,0.8052287581699353,0.8005215123859202,0.7992177314211233,0.7968749999999982
40,0.629130966952264,0.6448484848484846,0.665865384615385,0.6928571428571431,0.7198581560283674,0.7579318448883665,0.7974238875878221,0.8232558139534891,0.8344907407407405,0.848101265822784,0.8600917431192663,0.8664383561643838,0.8659090909090903,0.8597285067873308,0.8500563697857952,0.8318385650224212,0.8100558659217878,0.7879464285714288,0.7628062360801771,0.7425083240843513,0.7232635060639474,0.7026143790849684,0.6902173913043477,0.6992230854605985,0.7007786429365961,0.7074527252502776,0.7182628062360799,0.7313266443701227,0.7494407158836687,0.7674157303370794,0.7855530474040631,0.8049886621315192,0.824401368301027,0.8405963302752291,0.8464163822525599,0.8615560640732269,0.8831018518518512,0.8923611111111107,0.9027777777777768,0.9098265895953759,0.9137931034482758,0.9165714285714284,0.9192263936291241,0.9195922989807475,0.9219457013574655,0.9242081447963795,0.9229898074745186,0.9283276450511959,0.9289805269186715,0.9330254041570445,0.9358974358974361,0.9352179034157846,0.9390681003584227,0.9370460048426139,0.9303178484107573,0.9252450980392162,0.9163591635916344,0.930730478589421,0.9245283018867916,0.9267676767676765,0.9277566539923949,0.9271356783919611,0.9241293532338304,0.9198520345252774,0.9145299145299131,0.9115151515151521,0.9096385542168672,0.9112709832134289,0.9152744630071599,0.9157769869513643,0.915094339622641,0.9165687426556985,0.9178403755868558,0.9200940070505279,0.919014084507042,0.919014084507042,0.9189189189189175,0.9187279151943457,0.918536009445102,0.9159763313609464,0.9144893111638961,0.9151732377538835,0.9170673076923084,0.9178743961352662,0.9197080291970803,0.9229828850855757,0.9284833538840935,0.9178921568627452,0.9325842696629216,0.943109987357774,0.955070603337612,0.9674054758800512,0.9762532981530363,0.9696569920844311,0.9604743083003946,0.9486166007905155,0.9355263157894722,0.9236842105263143,0.9067017082785824,0.8922470433639944,0.8792650918635161,0.8700787401574779,0.8622047244094482,0.8543307086614149,0.8479685452162506,0.8401048492791627,0.8346456692913371,0.8259162303664915,0.8193717277486918,0.8130718954248373,0.8083441981747086,0.8044328552803144,0.8007812499999982
41,0.6731946144430854,0.6896969696969695,0.712740384615385,0.7369047619047624,0.7671394799054365,0.8025851938895414,0.8302107728337234,0.8372093023255811,0.851851851851853,0.8630609896432677,0.8704128440366983,0.8721461187214619,0.8681818181818173,0.8585972850678729,0.8455467869222097,0.825112107623319,0.8022346368715088,0.7790178571428577,0.75501113585746,0.7369589345172027,0.7188533627342899,0.6993464052287592,0.6880434782608695,0.6981132075471699,0.7018909899888772,0.7096774193548381,0.7216035634743871,0.7369007803790417,0.756152125279641,0.7752808988764048,0.7957110609480811,0.8174603174603181,0.8380843785632841,0.8555045871559628,0.8600682593856668,0.8775743707093824,0.8993055555555554,0.9097222222222232,0.9212962962962958,0.9294797687861287,0.9333333333333336,0.9359999999999999,0.9374288964732642,0.9388448471121169,0.9411764705882337,0.9445701357466056,0.9445073612684016,0.9476678043230944,0.9495990836197024,0.9526558891454968,0.9557109557109555,0.9552414605418154,0.9605734767025087,0.9588377723970947,0.9547677261613696,0.9473039215686274,0.9397293972939718,0.9534005037783384,0.9484276729559742,0.9507575757575761,0.9581749049429646,0.9510050251256281,0.9465174129353233,0.9383477188655984,0.9340659340659325,0.9345454545454555,0.9361445783132538,0.9412470023980806,0.9451073985680178,0.9466192170818513,0.9457547169811331,0.9471210340775542,0.9483568075117379,0.9506462984723854,0.9495305164319259,0.9495305164319259,0.9482961222091646,0.946996466431095,0.9456906729634014,0.9431952662721894,0.9394299287410917,0.9390681003584227,0.9375,0.9371980676328491,0.937956204379562,0.9388753056234727,0.9420468557336612,0.9325980392156872,0.9463171036204745,0.9532237673830579,0.9640564826700899,0.9752281616688396,0.9815303430079148,0.9749340369393131,0.9644268774703555,0.9499341238471679,0.9355263157894722,0.9210526315789487,0.904073587385021,0.889618922470433,0.8766404199475062,0.8687664041994729,0.8622047244094482,0.8569553805774284,0.8519003931847955,0.8453473132372213,0.8412073490813654,0.8337696335078526,0.8272251308900529,0.8209150326797392,0.8135593220338997,0.8083441981747086,0.7994791666666661
42,0.7233782129742963,0.7406060606060603,0.759615384615385,0.7833333333333332,0.8120567375886516,0.8366627497062282,0.845433255269322,0.8569767441860474,0.8692129629629637,0.875719217491369,0.8795871559633035,0.8755707762557083,0.8681818181818173,0.8552036199095028,0.8387824126268324,0.8172645739910323,0.7955307262569828,0.7723214285714288,0.7505567928730503,0.7358490566037741,0.7177508269018755,0.700435729847495,0.6923913043478276,0.7047724750277471,0.7096774193548399,0.7185761957730801,0.731625835189309,0.7469342251950959,0.767337807606264,0.7887640449438198,0.8103837471783297,0.8321995464852616,0.8529076396807298,0.8704128440366965,0.8759954493742903,0.8924485125858119,0.9143518518518512,0.9259259259259256,0.9386574074074066,0.946820809248555,0.9494252873563216,0.952,0.9544937428896478,0.9558323895809728,0.9581447963800898,0.9592760180995477,0.9614949037372593,0.9635949943117179,0.9656357388316152,0.9665127020785214,0.9696969696969706,0.9717314487632507,0.976105137395459,0.9757869249394666,0.9706601466992666,0.9620098039215694,0.9544895448954485,0.9710327455919412,0.9635220125786166,0.9747474747474758,0.9809885931558924,0.968592964824122,0.9626865671641784,0.9568434032059177,0.9560439560439562,0.9600000000000009,0.9614457831325307,0.962829736211031,0.9665871121718368,0.9667852906287067,0.9658018867924536,0.9670975323149236,0.96830985915493,0.9717978848413615,0.9706572769953059,0.9694835680751179,0.9694477085781426,0.968197879858657,0.9669421487603316,0.9644970414201186,0.9596199524940623,0.9581839904420555,0.9555288461538467,0.9528985507246368,0.952554744525548,0.9535452322738394,0.9543773119605419,0.944852941176471,0.9575530586766536,0.9633375474083437,0.97175866495507,0.9817470664928276,0.9868073878627968,0.9788918205804755,0.9657444005270079,0.9486166007905155,0.9315789473684202,0.9157894736842103,0.898817345597898,0.8843626806833136,0.8740157480314963,0.8648293963254581,0.8608923884514432,0.8582677165354333,0.8545216251638266,0.85058977719528,0.8477690288713902,0.8403141361256559,0.835078534031414,0.8274509803921575,0.8174706649282939,0.8083441981747086,0.7968749999999982
43,0.7747858017135858,0.7878787878787872,0.8040865384615383,0.8273809523809526,0.8451536643026003,0.8531139835487664,0.8653395784543338,0.8744186046511633,0.8807870370370381,0.8849252013808968,0.8830275229357802,0.8767123287671232,0.8659090909090903,0.8495475113122168,0.832018038331455,0.8094170403587437,0.7877094972067038,0.7667410714285712,0.7494432071269479,0.7358490566037741,0.7210584343991187,0.7069716775599133,0.7010869565217401,0.7158712541620424,0.7219132369299217,0.7319243604004448,0.7449888641425382,0.7625418060200673,0.7841163310961967,0.8067415730337082,0.8273137697516937,0.8492063492063497,0.868871151653364,0.8853211009174302,0.8907849829351537,0.9084668192219674,0.929398148148147,0.9421296296296298,0.9537037037037024,0.9618497109826603,0.9643678160919542,0.966857142857144,0.968145620022753,0.9694224235560593,0.9717194570135739,0.9728506787330318,0.9750849377123441,0.9772468714448248,0.9805269186712486,0.9792147806004614,0.9848484848484862,0.9846878680800941,0.9868578255675029,0.9866828087167061,0.9865525672371636,0.9803921568627452,0.9717097170971698,0.9874055415617136,0.9773584905660382,0.9898989898989896,1.0,0.9874371859296485,0.9751243781094523,0.9753390875462387,0.9768009768009769,0.9769696969696966,0.975903614457831,0.9784172661870496,0.9821002386634845,0.9833926453143533,0.982311320754718,0.9847238542890704,0.9859154929577478,0.9882491186838998,0.987089201877934,0.987089201877934,0.9858989424206808,0.9846878680800941,0.9834710743801658,0.9798816568047339,0.977434679334916,0.9737156511350058,0.97235576923077,0.9685990338164245,0.9659367396593677,0.9645476772616135,0.9667077681874225,0.9558823529411775,0.9687890137328345,0.9734513274336276,0.9794608472400501,0.9869621903520187,0.9907651715039592,0.9802110817941951,0.9644268774703555,0.9446640316205546,0.9249999999999989,0.9078947368421062,0.8909329829172137,0.8777923784494099,0.8687664041994729,0.8635170603674531,0.8608923884514432,0.8595800524934383,0.8584534731323714,0.8558322411533421,0.8543307086614185,0.8481675392670169,0.8416230366492137,0.8326797385620921,0.8200782268578877,0.8083441981747086,0.7916666666666661
44,0.8188494492044072,0.8303030303030301,0.8497596153846168,0.8607142857142858,0.8640661938534269,0.873090481786134,0.8829039812646382,0.8872093023255818,0.8912037037037042,0.8895281933256616,0.884174311926607,0.8744292237442917,0.860227272727272,0.8427601809954748,0.8229988726042841,0.801569506726457,0.7821229050279328,0.7633928571428577,0.7494432071269479,0.7391786903440618,0.7276736493936049,0.7156862745098049,0.7119565217391308,0.7291897891231969,0.737486095661847,0.7486095661846495,0.7639198218262795,0.7826086956521738,0.8042505592841156,0.8258426966292127,0.8476297968397297,0.8673469387755102,0.8848346636259983,0.9013761467889907,0.9055745164960189,0.9221967963386728,0.9432870370370363,0.9548611111111107,0.9664351851851851,0.9734104046242784,0.9758620689655171,0.9782857142857146,0.9795221843003414,0.9807474518686288,0.9819004524886878,0.9841628959276019,0.9852774631936576,0.9874857792946532,0.9896907216494846,0.98729792147806,0.9930069930069934,0.9929328621908127,0.9964157706093193,0.9939467312348658,0.9877750611246938,0.9791666666666679,0.9704797047970466,0.9949622166246854,0.9823899371069178,0.9911616161616159,0.9987325728770582,0.9924623115577891,0.9875621890547261,0.9913686806411839,0.9877899877899878,0.9878787878787882,0.9879518072289155,0.9904076738609113,0.994033412887827,0.9952550415183872,0.9941037735849054,0.9941245593419499,0.9953051643192499,0.9988249118683896,0.9976525821596258,0.9976525821596258,0.9976498237367792,0.9964664310954063,0.9964580873671789,0.9917159763313617,0.9881235154394297,0.9868578255675029,0.9867788461538467,0.9818840579710137,0.9781021897810227,0.9767726161369197,0.9778051787916144,0.9656862745098049,0.97752808988764,0.9810366624525901,0.9871630295250302,0.9921773142112134,0.9920844327176788,0.9788918205804755,0.9604743083003946,0.9380764163372852,0.9171052631578949,0.8986842105263158,0.8830486202365329,0.8712220762155063,0.8635170603674531,0.8608923884514432,0.8608923884514432,0.8622047244094482,0.8610747051114025,0.859764089121887,0.8582677165354333,0.8534031413612588,0.8455497382198942,0.8366013071895431,0.822685788787485,0.8070404172099082,0.7890624999999982
45,0.8604651162790695,0.872727272727273,0.87860576923077,0.8773809523809533,0.8829787234042552,0.8895417156286722,0.8957845433255276,0.8965116279069765,0.8969907407407405,0.8906789413118528,0.8818807339449553,0.8687214611872154,0.8522727272727266,0.8325791855203626,0.8139797068771149,0.7948430493273548,0.7776536312849167,0.7622767857142865,0.7527839643652552,0.7447280799112104,0.7353914002205073,0.7265795206971681,0.7260869565217405,0.745837957824639,0.7563959955506121,0.7708565072302562,0.7873051224944323,0.8060200668896336,0.8277404921700224,0.8483146067415728,0.8656884875846504,0.8843537414965983,0.9007981755986325,0.9162844036697244,0.9192263936291241,0.9347826086956523,0.9560185185185173,0.9664351851851851,0.9780092592592577,0.9838150289017342,0.9850574712643674,0.9874285714285715,0.9886234357224115,0.9898074745186864,0.9909502262443439,0.9920814479638018,0.9920724801812,0.9943117178612066,0.997709049255441,0.996535796766743,1.0,0.9988221436984688,1.0,1.0,0.9951100244498772,0.9865196078431371,0.979089790897909,0.9962216624685141,0.9811320754716988,0.9987373737373737,0.9987325728770582,0.9949748743718594,0.9975124378109452,0.9975339087546242,0.9951159951159951,0.9963636363636361,0.9963855421686745,0.9988009592326126,1.0,1.0,0.9988207547169807,0.9999999999999982,1.0,0.9999999999999982,1.0,1.0,0.9999999999999982,1.0,1.0,0.9988165680473369,0.9964370546318282,0.9952210274790918,0.9951923076923084,0.9915458937198061,0.987834549878345,0.9853300733496333,0.9864364981504323,0.9754901960784323,0.9862671660424471,0.9886219974715544,0.993581514762516,0.9960886571056076,0.9934036939313984,0.9775725593667559,0.9552042160737813,0.9301712779973634,0.9092105263157872,0.8907894736842117,0.8764783180026292,0.8659658344283834,0.8608923884514432,0.8582677165354333,0.8582677165354333,0.8608923884514432,0.8610747051114025,0.8610747051114007,0.8608923884514432,0.8573298429319394,0.8507853403141361,0.840522875816994,0.8252933507170788,0.8083441981747086,0.7903645833333339
46,0.8947368421052637,0.8969696969696965,0.89423076923077,0.8976190476190471,0.8995271867612278,0.9036427732079915,0.9051522248243558,0.9034883720930242,0.8981481481481488,0.8883774453394704,0.8761467889908268,0.8595890410958908,0.8420454545454543,0.8212669683257925,0.8049605411499439,0.7881165919282509,0.7731843575419006,0.7633928571428577,0.7561247216035625,0.7513873473917876,0.7453142227122385,0.7385620915032689,0.7423913043478265,0.7669256381798011,0.7808676307007794,0.7953281423804217,0.8129175946547882,0.8305462653288753,0.8501118568232666,0.8674157303370791,0.8837471783295712,0.9002267573696141,0.9156214367160782,0.9300458715596331,0.9317406143344709,0.946224256292906,0.9664351851851851,0.976851851851853,0.9849537037037024,0.9919075144508671,0.9931034482758623,0.9942857142857147,0.9943117178612066,0.9954699886749712,0.9966063348416281,0.9966063348416299,0.9977349943374847,0.9988623435722417,1.0,1.0,1.0,1.0,1.0,0.9987893462469728,0.9914425427872864,0.9840686274509807,0.9778597785977858,0.9911838790931995,0.9811320754716988,0.9936868686868685,0.9923954372623562,1.0,1.0,0.9987669543773112,0.9987789987789988,1.0,1.0,1.0,1.0,1.0,1.0,0.9964747356051689,0.9964788732394378,0.9999999999999982,0.9976525821596258,0.9976525821596258,0.9988249118683896,1.0,1.0,1.0,1.0,1.0,1.0,0.9987922705313999,0.995133819951338,0.9926650366748166,0.9938347718865597,0.9816176470588243,0.9950062421972543,0.9949431099873571,0.997432605905006,0.9986962190352013,0.994722955145118,0.9749340369393131,0.9499341238471679,0.9235836627140976,0.9013157894736832,0.8842105263157904,0.8712220762155063,0.8620236530880412,0.8569553805774284,0.8543307086614149,0.8556430446194234,0.8569553805774284,0.8584534731323714,0.859764089121887,0.8608923884514432,0.8586387434554972,0.8547120418848166,0.8457516339869287,0.8305084745762734,0.8122555410691028,0.7981770833333339
47,0.9118727050183608,0.9090909090909083,0.90985576923077,0.9107142857142865,0.9113475177304959,0.9106933019976502,0.9110070257611245,0.9046511627906977,0.8958333333333339,0.8837744533947056,0.8669724770642215,0.8493150684931514,0.8284090909090907,0.8099547511312224,0.7959413754227747,0.7813901345291487,0.7709497206703908,0.765625,0.7616926503340746,0.7591564927857934,0.7574421168687984,0.7559912854030504,0.7630434782608706,0.7902330743618204,0.806451612903226,0.8220244716351495,0.8385300668151441,0.8539576365663333,0.8713646532438482,0.8865168539325836,0.9006772009029351,0.9149659863945576,0.9281641961231486,0.9415137614678901,0.941979522184301,0.9553775743707096,0.9745370370370363,0.9837962962962958,0.9907407407407405,0.9965317919075147,0.9977011494252874,0.9977142857142862,0.9988623435722417,0.9988674971687423,0.9988687782805421,1.0,1.0,1.0,1.0,1.0,1.0,0.9976442873969376,0.997610513739545,0.995157384987893,0.9889975550122259,0.9803921568627452,0.9753997539975394,0.9937027707808568,0.9861635220125784,0.987373737373737,0.9923954372623562,0.9987437185929657,0.9975124378109452,1.0,1.0,1.0,0.9987951807228921,0.9988009592326126,1.0,0.9976275207591936,0.9941037735849054,0.9929494712103395,0.9917840375586859,0.9941245593419499,0.9917840375586859,0.990610328638498,0.9917743830787291,0.9917550058892814,0.9952774498229058,0.9964497041420124,0.9976247030878866,1.0,1.0,1.0,0.997566909975669,0.9975550122249395,0.9987669543773112,0.9938725490196081,0.998751560549314,1.0,0.9999999999999982,0.9999999999999982,0.9934036939313984,0.9722955145118739,0.9446640316205546,0.9169960474308319,0.8960526315789483,0.8802631578947384,0.8685939553219448,0.8607095926412605,0.8543307086614149,0.851706036745405,0.8503937007874001,0.8503937007874001,0.8532110091743128,0.8545216251638283,0.8595800524934383,0.8599476439790585,0.8573298429319358,0.8509803921568633,0.8383311603650583,0.8252933507170788,0.8124999999999982
48,0.9265605875153007,0.9272727272727277,0.92548076923077,0.9226190476190474,0.9196217494089822,0.9153936545240899,0.9121779859484782,0.902325581395349,0.8912037037037042,0.8745684695051779,0.8566513761467895,0.8344748858447488,0.8136363636363626,0.7986425339366523,0.7869222096956037,0.7769058295964122,0.7720670391061457,0.7689732142857135,0.7694877505567916,0.7724750277469479,0.7739801543550175,0.7755991285403052,0.7858695652173928,0.8157602663706989,0.8309232480533932,0.8464961067853167,0.8608017817371927,0.8740245261984398,0.8892617449664417,0.9022471910112362,0.915349887133182,0.9274376417233565,0.9395667046750287,0.9506880733944953,0.9499431171786128,0.9622425629290614,0.9803240740740744,0.9884259259259256,0.9942129629629619,1.0,1.0,1.0,1.0,1.0,1.0,1.0,0.9988674971687423,0.9988623435722417,0.9988545246277205,0.9976905311778292,0.9941724941724939,0.9941107184923439,0.9928315412186368,0.9915254237288131,0.9853300733496333,0.9779411764705888,0.9753997539975394,0.9911838790931995,0.9748427672955966,0.9797979797979792,0.9885931558935361,0.9937185929648251,0.9962686567164187,0.9975339087546242,0.9975579975579976,0.997575757575758,0.9951807228915666,0.9940047961630682,0.994033412887827,0.9916963226571767,0.9858490566037741,0.9847238542890704,0.9812206572769959,0.981198589894241,0.977699530516432,0.976525821596244,0.9800235017626306,0.9811542991755005,0.9858323494687138,0.9881656804733723,0.9916864608076015,0.9940262843488643,0.9975961538461551,0.9987922705313999,1.0,1.0,0.9987669543773112,0.9987745098039209,1.0,0.9987357774968384,0.9999999999999982,0.9999999999999982,0.9934036939313984,0.9696569920844311,0.9420289855072461,0.9143610013175234,0.8921052631578927,0.878947368421052,0.8672798948751641,0.8593955321944797,0.851706036745405,0.8464566929133852,0.8438320209973753,0.8425196850393704,0.8440366972477058,0.8479685452162524,0.8556430446194234,0.8586387434554972,0.8599476439790585,0.8575163398692816,0.848761408083444,0.8409387222946556,0.8320312499999982
49,0.9351285189718492,0.9345454545454537,0.931490384615385,0.9285714285714288,0.9219858156028362,0.9177438307873089,0.9110070257611245,0.8988372093023269,0.883101851851853,0.8630609896432677,0.8405963302752308,0.8173515981735164,0.7999999999999989,0.7861990950226243,0.7790304396843304,0.773542600896862,0.7720670391061457,0.7745535714285712,0.7795100222717153,0.786903440621531,0.7938257993384799,0.7973856209150334,0.8076086956521742,0.8379578246392896,0.853170189099,0.866518353726363,0.8797327394209358,0.8918617614269788,0.9049217002237135,0.9157303370786511,0.9266365688487586,0.937641723356009,0.9486887115165352,0.9587155963302738,0.9556313993174061,0.9668192219679632,0.9849537037037024,0.9895833333333339,0.9953703703703702,1.0,1.0,1.0,1.0,1.0,0.9988687782805421,0.9988687782805439,0.9966024915062288,0.995449374288965,0.995418098510882,0.9930715935334877,0.98951048951049,0.9882214369846878,0.9868578255675029,0.9866828087167061,0.9828850855745728,0.9779411764705888,0.9717097170971698,0.9811083123425703,0.9672955974842772,0.9734848484848495,0.9835234474017742,0.9886934673366845,0.9925373134328357,0.9938347718865597,0.9938949938949939,0.9927272727272722,0.991566265060241,0.9904076738609113,0.9892601431980896,0.982206405693951,0.9728773584905657,0.9682726204465322,0.965962441314554,0.9647473560517028,0.9624413145539918,0.9600938967136159,0.9635722679200924,0.9658421672555946,0.9716646989374276,0.9763313609467463,0.9798099762470311,0.9856630824372754,0.9903846153846168,0.9927536231884062,0.9963503649635044,0.9975550122249395,1.0,1.0,0.9962546816479403,0.9974715549936786,0.9999999999999982,0.9999999999999982,0.9907651715039592,0.9683377308707115,0.9393939393939412,0.913043478260871,0.8921052631578927,0.8802631578947384,0.8685939553219448,0.8593955321944797,0.851706036745405,0.8451443569553803,0.837270341207347,0.8346456692913371,0.8361730013106161,0.8427260812581903,0.851706036745405,0.8586387434554972,0.8638743455497391,0.8666666666666671,0.8617992177314235,0.8591916558018262,0.8554687499999982
50,0.9436964504283978,0.9406060606060596,0.9375,0.9321428571428569,0.9243498817966902,0.9177438307873089,0.908665105386417,0.8930232558139544,0.8738425925925934,0.8492520138089752,0.8245412844036704,0.801369863013699,0.7863636363636353,0.7771493212669682,0.773393461104849,0.7713004484304928,0.7743016759776538,0.7823660714285712,0.791759465478842,0.8035516093229749,0.8114663726571116,0.8159041394335524,0.8271739130434792,0.8579356270810212,0.8720800889877651,0.8854282536151281,0.8964365256124722,0.9063545150501682,0.9172259507829974,0.9269662921348321,0.9367945823927766,0.9467120181405893,0.9555302166476629,0.9644495412844023,0.9613196814562013,0.9702517162471391,0.9861111111111107,0.9895833333333339,0.9942129629629619,0.9988439306358394,0.9988505747126428,0.998857142857144,0.9988623435722417,0.9977349943374847,0.9966063348416281,0.9943438914027158,0.9920724801812,0.9897610921501716,0.9885452462772051,0.98729792147806,0.9825174825174834,0.9811542991755005,0.9820788530465947,0.9830508474576263,0.9804400977995105,0.9742647058823533,0.9630996309963091,0.9735516372795985,0.9622641509433958,0.9633838383838391,0.9759188846641305,0.9824120603015079,0.9875621890547261,0.9889025893958081,0.9877899877899878,0.9866666666666664,0.98433734939759,0.9820143884892083,0.9821002386634845,0.9786476868327405,0.9693396226415096,0.9600470035252631,0.9507042253521139,0.9447708578143352,0.9413145539906118,0.942488262910798,0.9447708578143352,0.9493521790341575,0.9563164108618665,0.960946745562131,0.9667458432304041,0.9737156511350058,0.9807692307692317,0.9842995169082123,0.9890510948905114,0.9902200488997561,0.9963008631319354,0.9901960784313726,0.9925093632958806,0.9974715549936786,0.9987163029525039,0.9986962190352013,0.9920844327176788,0.9683377308707115,0.9393939393939412,0.9156785243741759,0.8960526315789483,0.8842105263157904,0.872536136662287,0.8633377135348219,0.8543307086614149,0.8464566929133852,0.837270341207347,0.8346456692913371,0.8374836173001299,0.8440366972477076,0.8556430446194234,0.8638743455497391,0.8717277486911001,0.8758169934640527,0.8761408083441999,0.8774445893089968,0.8802083333333339
51,0.9485924112607105,0.9454545454545453,0.9399038461538467,0.9333333333333336,0.9255319148936163,0.9153936545240899,0.903981264637002,0.8848837209302332,0.862268518518519,0.8342922899884915,0.8061926605504599,0.7853881278538815,0.7750000000000004,0.7692307692307683,0.7688838782412635,0.7724215246636774,0.7798882681564248,0.7924107142857135,0.8051224944320712,0.8190899001109884,0.8302094818081596,0.8355119825708073,0.8456521739130434,0.8756936736958938,0.8898776418242491,0.8998887652947722,0.9097995545657014,0.9186176142697882,0.9272930648769577,0.9359550561797754,0.9446952595936793,0.9523809523809526,0.9612314709236038,0.9690366972477058,0.9635949943117179,0.971395881006865,0.9861111111111107,0.987268518518519,0.9907407407407405,0.9942196531791918,0.9954022988505749,0.9965714285714284,0.995449374288965,0.9943374858437135,0.9920814479638,0.9898190045248878,0.9864099660249135,0.9840728100113765,0.9816723940435281,0.9792147806004614,0.9766899766899773,0.9752650176678443,0.978494623655914,0.9818401937046008,0.9804400977995105,0.9705882352941178,0.9618696186961859,0.9710327455919412,0.9584905660377352,0.9570707070707076,0.9695817490494285,0.976130653266333,0.9825870646766166,0.9839704069050548,0.9816849816849818,0.9769696969696966,0.9722891566265073,0.9676258992805753,0.964200477326969,0.9561091340450769,0.9481132075471699,0.9388954171562851,0.9295774647887338,0.9271445358401866,0.9248826291079819,0.9248826291079819,0.928319623971797,0.9328621908127204,0.9386068476977574,0.9443786982248525,0.9501187648456053,0.9581839904420555,0.9675480769230766,0.9734299516908216,0.9793187347931873,0.9828850855745728,0.9889025893958081,0.9816176470588243,0.9875156054931331,0.9936788874841973,0.9961489088575082,0.9986962190352013,0.9907651715039592,0.9683377308707115,0.9433465085638986,0.9196310935441367,0.9026315789473696,0.8907894736842117,0.8804204993429714,0.8699080157687256,0.8622047244094482,0.85301837270341,0.8451443569553803,0.8438320209973753,0.8453473132372231,0.853211009174311,0.866141732283463,0.8756544502617807,0.8835078534031418,0.8901960784313729,0.8930899608865701,0.8996088657105616,0.9049479166666661
52,0.9510403916768677,0.9478787878787873,0.9423076923076934,0.9345238095238102,0.9255319148936163,0.9142185663924796,0.9004683840749426,0.8779069767441872,0.851851851851853,0.8170310701956272,0.7912844036697262,0.775114155251142,0.767045454545455,0.7658371040723981,0.7700112739571594,0.7757847533632294,0.7865921787709507,0.8024553571428577,0.8195991091314028,0.8357380688124305,0.846747519294377,0.8507625272331154,0.8608695652173921,0.8912319644839073,0.9032258064516139,0.9132369299221352,0.9209354120267257,0.9286510590858423,0.9362416107382554,0.9438202247191008,0.9503386004514667,0.9580498866213158,0.9657924743443562,0.9713302752293576,0.964732650739478,0.971395881006865,0.9837962962962958,0.9837962962962958,0.9861111111111107,0.9895953757225442,0.9896551724137925,0.9920000000000009,0.9920364050056882,0.9909399773499423,0.9886877828054299,0.9841628959276019,0.9796149490373711,0.9761092150170665,0.9736540664375717,0.9711316397228646,0.9708624708624711,0.9717314487632507,0.976105137395459,0.9806295399515736,0.9792176039119802,0.9718137254901968,0.9643296432964323,0.9722921914357698,0.959748427672956,0.9532828282828287,0.9645120405576666,0.9698492462311563,0.9776119402985071,0.9790382244143032,0.9768009768009769,0.9709090909090907,0.9626506024096386,0.9556354916067136,0.9510739856801909,0.9406880189798343,0.9292452830188687,0.9189189189189175,0.910798122065728,0.9095182138660398,0.9072769953051658,0.908450704225352,0.9118683901292588,0.9175500588928145,0.9232585596221963,0.9289940828402372,0.9358669833729216,0.9438470728793309,0.953125,0.9601449275362324,0.9683698296836987,0.9731051344743271,0.980271270036992,0.9705882352941178,0.9850187265917612,0.9911504424778759,0.993581514762516,0.9973924380704045,0.9907651715039592,0.9709762532981543,0.9472990777338595,0.9275362318840585,0.9118421052631565,0.8999999999999986,0.889618922470433,0.8804204993429714,0.8727034120734913,0.866141732283463,0.8608923884514432,0.8582677165354333,0.8623853211009163,0.8702490170380077,0.881889763779526,0.8913612565445028,0.9005235602094253,0.9084967320261441,0.913950456323338,0.9217731421121265,0.9296874999999982
53,0.9510403916768677,0.9490909090909092,0.9435096153846168,0.935714285714285,0.9255319148936163,0.9130434782608692,0.8969555035128813,0.8709302325581394,0.8391203703703702,0.8032220943613346,0.7798165137614692,0.7659817351598175,0.7602272727272723,0.7601809954751122,0.7677564825253675,0.7780269058295968,0.7932960893854748,0.8136160714285712,0.8340757238307344,0.851276359600444,0.8621830209481818,0.8660130718954253,0.875,0.9045504994450617,0.9154616240266975,0.9243604004449377,0.9309576837416476,0.9364548494983289,0.9429530201342278,0.9494382022471903,0.9559819413092558,0.9625850340136051,0.9692132269099201,0.9736238532110093,0.964732650739478,0.9702517162471391,0.9826388888888893,0.9803240740740744,0.981481481481481,0.9838150289017342,0.983908045977012,0.9874285714285715,0.9886234357224115,0.9875424688561711,0.9841628959276019,0.9796380090497738,0.9728199320498288,0.969283276450513,0.9667812142038947,0.9653579676674369,0.9662004662004673,0.968197879858657,0.9737156511350058,0.9806295399515736,0.9816625916870425,0.9754901960784323,0.9692496924969234,0.9785894206549131,0.9635220125786166,0.9558080808080813,0.9607097591888465,0.967336683417086,0.9726368159203975,0.9741060419235517,0.9694749694749696,0.9636363636363647,0.9530120481927717,0.9436450839328536,0.9355608591885431,0.9240806642941877,0.9103773584905657,0.9001175088131603,0.8931924882629119,0.8918918918918912,0.8896713615023479,0.8920187793427239,0.8954171562867206,0.9010600706713792,0.9079102715466352,0.914792899408285,0.9216152019002379,0.9307048984468338,0.9399038461538467,0.9480676328502415,0.95742092457421,0.9633251833740832,0.9716399506781759,0.9632352941176467,0.9787765293383277,0.9835651074589116,0.9910141206675238,0.9947848761408071,0.9920844327176788,0.9749340369393131,0.9552042160737813,0.9367588932806328,0.9223684210526297,0.9118421052631582,0.9014454664914595,0.8948751642575559,0.8871391076115493,0.881889763779526,0.8779527559055111,0.8779527559055111,0.882044560943644,0.8899082568807355,0.8989501312335939,0.9083769633507863,0.9188481675392666,0.928104575163399,0.934810951760106,0.9439374185136913,0.9505208333333339
54,0.9510403916768677,0.9503030303030293,0.9447115384615383,0.9369047619047617,0.9255319148936163,0.9130434782608692,0.8946135831381739,0.8674418604651173,0.8298611111111125,0.7917146144994245,0.7694954128440372,0.756849315068493,0.7590909090909079,0.7579185520361982,0.7666290868094716,0.7825112107623315,0.8033519553072637,0.8292410714285712,0.8496659242761684,0.8657047724750271,0.8754134509371561,0.8790849673202619,0.8880434782608706,0.9156492785793571,0.9254727474972189,0.9332591768631815,0.9387527839643646,0.9431438127090299,0.9496644295302001,0.9561797752808996,0.9616252821670432,0.9659863945578238,0.9714937286202971,0.9747706422018343,0.964732650739478,0.9691075514874132,0.9803240740740744,0.9791666666666679,0.9768518518518512,0.978034682080926,0.9793103448275868,0.982857142857144,0.9852104664391348,0.9852774631936576,0.9819004524886878,0.9751131221719458,0.9682899207248017,0.9635949943117179,0.9610538373424973,0.9595842956120091,0.9615384615384617,0.9658421672555964,0.9737156511350058,0.9806295399515736,0.9816625916870425,0.9767156862745097,0.9717097170971698,0.9836272040302276,0.9710691823899378,0.9646464646464654,0.9619771863117865,0.9660804020100517,0.9689054726368163,0.9691738594327983,0.9633699633699635,0.9551515151515151,0.9433734939759049,0.9316546762589919,0.9212410501193311,0.9062870699881387,0.8915094339622645,0.8813160987074014,0.874413145539906,0.8719153936545236,0.8708920187793439,0.8720657276995318,0.8766157461809634,0.8833922261484108,0.8925619834710758,0.8994082840236697,0.9085510688836109,0.9175627240143367,0.9278846153846168,0.9371980676328491,0.9464720194647196,0.9535452322738394,0.963008631319358,0.9558823529411775,0.9712858926342083,0.9785082174462705,0.9871630295250302,0.9934810951760102,0.9934036939313984,0.9788918205804755,0.963109354413703,0.9472990777338595,0.9355263157894722,0.9250000000000007,0.915900131406044,0.9080157687253632,0.9028871391076123,0.8989501312335939,0.897637795275589,0.8989501312335939,0.9030144167758856,0.9095674967234597,0.9199475065616802,0.9293193717277504,0.9384816753926692,0.9464052287581701,0.9530638852672766,0.960886571056065,0.9661458333333339
55,0.9498164014687891,0.9490909090909092,0.9459134615384617,0.939285714285715,0.9267139479905424,0.9142185663924796,0.8946135831381739,0.8662790697674421,0.8240740740740744,0.7836593785960861,0.760321100917432,0.7522831050228316,0.7579545454545453,0.7658371040723981,0.7688838782412635,0.7892376681614355,0.8167597765363137,0.84375,0.8641425389755,0.8790233074361815,0.887541345093716,0.8899782135076251,0.8989130434782613,0.925638179800222,0.935483870967742,0.9410456062291424,0.9465478841870816,0.9498327759197327,0.9563758389261743,0.9617977528089892,0.9661399548532739,0.970521541950113,0.9737742303306742,0.9759174311926593,0.9658703071672363,0.9691075514874132,0.9803240740740744,0.9780092592592595,0.9756944444444446,0.9745664739884408,0.9758620689655171,0.9782857142857146,0.9806598407280998,0.9818799546998864,0.9796380090497738,0.9739819004524897,0.9648924122310305,0.9590443686006829,0.9564719358533793,0.9549653579676676,0.9580419580419584,0.9634864546525339,0.9725209080047783,0.9794188861985464,0.9828850855745728,0.9767156862745097,0.9741697416974162,0.9874055415617136,0.9861635220125784,0.967171717171718,0.9619771863117865,0.967336683417086,0.9664179104477615,0.9654747225647338,0.9572649572649574,0.9466666666666672,0.9325301204819283,0.9172661870503589,0.9045346062052495,0.889679715302492,0.8738207547169807,0.8625146886016442,0.854460093896714,0.8519388954171561,0.8497652582159638,0.852112676056338,0.8578143360752044,0.8657243816254425,0.8760330578512399,0.8852071005917157,0.8942992874109255,0.9056152927120671,0.9170673076923084,0.9263285024154584,0.935523114355231,0.9437652811735937,0.9543773119605419,0.9485294117647065,0.9650436953807748,0.9734513274336276,0.9833119383825402,0.9921773142112134,0.994722955145118,0.9841688654353575,0.9710144927536248,0.9578392621870897,0.9473684210526319,0.9381578947368432,0.930354796320632,0.9237844940867284,0.9199475065616802,0.9160104986876618,0.9173228346456668,0.9199475065616802,0.9239842726081271,0.9305373525557012,0.940944881889763,0.9476439790575917,0.9554973821989527,0.962091503267974,0.967405475880053,0.973924380704041,0.9791666666666661
56,0.9498164014687891,0.9490909090909092,0.947115384615385,0.9404761904761898,0.9290780141843964,0.9165687426556985,0.8981264637002351,0.8686046511627907,0.8263888888888893,0.782508630609895,0.7568807339449553,0.7488584474885851,0.752272727272727,0.7680995475113122,0.7824126268320182,0.8026905829596416,0.8346368715083798,0.8604910714285712,0.8775055679287309,0.8912319644839073,0.8996692392502759,0.90087145969499,0.9076086956521738,0.9345172031076583,0.9432703003337046,0.9499443826473861,0.9543429844097986,0.9587513935340031,0.9642058165548093,0.9685393258426966,0.9706546275395027,0.9739229024943317,0.9760547320410495,0.977064220183486,0.9658703071672363,0.9691075514874132,0.9803240740740744,0.9791666666666679,0.9780092592592577,0.9745664739884408,0.9735632183908045,0.9771428571428586,0.977246871444823,0.9784824462061152,0.9773755656108598,0.9728506787330318,0.9637599093997729,0.9567690557451662,0.9530355097365408,0.9515011547344105,0.9557109557109555,0.9599528857479402,0.9689366786140976,0.9769975786924938,0.9816625916870425,0.9779411764705888,0.9741697416974162,0.9886649874055422,1.0,0.9924242424242422,0.9670468948035484,0.968592964824122,0.9651741293532332,0.9605425400739822,0.9499389499389501,0.9369696969696975,0.9192771084337359,0.9040767386091115,0.8902147971360375,0.8718861209964412,0.8561320754716988,0.843713278495887,0.8345070422535219,0.8319623971797867,0.830985915492958,0.8333333333333339,0.8401880141010558,0.8492343934040054,0.8595041322314056,0.8710059171597635,0.8812351543942984,0.8936678614097975,0.90625,0.9154589371980677,0.9270072992700733,0.9352078239608801,0.9457459926017258,0.9411764705882355,0.9588014981273414,0.9683944374209847,0.9794608472400501,0.9908735332464129,0.9960422163588412,0.9881266490765164,0.9776021080368906,0.9683794466403164,0.9578947368421051,0.9513157894736857,0.9448094612352165,0.9395532194480936,0.9370078740157481,0.9356955380577432,0.9370078740157481,0.940944881889763,0.9449541284403686,0.9515072083879428,0.9593175853018359,0.9633507853403138,0.9698952879581135,0.9751633986928105,0.9791395045632356,0.9843546284224267,0.9882812499999982
57,0.9534883720930232,0.9503030303030293,0.947115384615385,0.9416666666666664,0.9314420803782504,0.9212690951821383,0.90281030444965,0.8767441860465119,0.8368055555555554,0.7928653624856157,0.760321100917432,0.7454337899543386,0.7556818181818183,0.7782805429864261,0.8015783540022561,0.8228699551569516,0.8536312849162009,0.8738839285714288,0.8908685968819601,0.9034406215316313,0.9106945975744214,0.9106753812636175,0.9163043478260882,0.9433962264150946,0.9521690767519466,0.957730812013347,0.9621380846325156,0.9654403567447059,0.9709172259507834,0.9752808988764041,0.9774266365688487,0.9784580498866209,0.9794754846066134,0.978211009174311,0.9670079635949946,0.9702517162471391,0.981481481481481,0.981481481481481,0.9826388888888875,0.9791907514450866,0.9747126436781599,0.9760000000000009,0.977246871444823,0.9762174405436017,0.9751131221719458,0.9717194570135756,0.9648924122310305,0.9567690557451662,0.9518900343642613,0.9515011547344105,0.954545454545455,0.958775029446409,0.9665471923536444,0.9745762711864394,0.9779951100244499,0.9779411764705888,0.9766297662976626,0.9937027707808568,0.989937106918239,1.0,0.9708491761723703,0.9698492462311563,0.9626865671641784,0.9556103575832307,0.9426129426129428,0.9272727272727277,0.9072289156626514,0.8932853717026372,0.878281622911695,0.8564650059311987,0.8396226415094343,0.8260869565217384,0.81924882629108,0.8166862514688589,0.8157276995305178,0.81924882629108,0.8260869565217384,0.836277974087162,0.8476977567886674,0.8579881656804744,0.8705463182897866,0.8829151732377536,0.8966346153846168,0.9070048309178738,0.9184914841849157,0.9278728606356967,0.9383477188655984,0.9350490196078436,0.9538077403245939,0.9646017699115035,0.9781771501925558,0.989569752281616,0.9973614775725608,0.9920844327176788,0.98418972332016,0.9762845849802382,0.9684210526315784,0.9644736842105246,0.9579500657030238,0.9553219448094623,0.9540682414698161,0.9540682414698161,0.956692913385826,0.9606299212598408,0.9633027522935791,0.9672346002621222,0.9724409448818889,0.9764397905759168,0.9803664921465973,0.9856209150326798,0.9869621903520205,0.9921773142112116,0.9947916666666661
58,0.9596083231334145,0.9539393939393932,0.9483173076923084,0.9440476190476197,0.9349881796690305,0.925969447708578,0.9110070257611245,0.8872093023255818,0.8541666666666679,0.815880322209436,0.7889908256880744,0.7682648401826491,0.7795454545454543,0.8009049773755663,0.8275084554678696,0.8497757847533638,0.8726256983240219,0.8895089285714288,0.9042316258351892,0.9156492785793571,0.9206174200661525,0.9193899782135091,0.9250000000000007,0.9522752497225309,0.9610678531701904,0.9655172413793096,0.9699331848552344,0.9732441471571907,0.9776286353467558,0.9808988764044937,0.9819413092550793,0.9829931972789119,0.9817559863169905,0.9805045871559628,0.968145620022753,0.9725400457665909,0.9837962962962958,0.9837962962962958,0.9861111111111107,0.9838150289017342,0.9793103448275868,0.9782857142857146,0.977246871444823,0.9750849377123441,0.9739819004524879,0.9705882352941178,0.9660249150622864,0.960182025028443,0.9530355097365408,0.9503464203233261,0.9522144522144522,0.9575971731448778,0.9653524492234169,0.9721549636803868,0.9755501222493894,0.9742647058823533,0.9741697416974162,0.9924433249370281,0.9823899371069178,0.9936868686868685,0.9771863117870723,0.9723618090452266,0.9601990049751237,0.9494451294697903,0.9328449328449313,0.9151515151515159,0.8951807228915669,0.8800959232613899,0.8627684964200473,0.8446026097271648,0.8290094339622645,0.8143360752056399,0.807511737089202,0.8061104582843708,0.8051643192488278,0.8098591549295779,0.8178613396004693,0.8280329799764434,0.8406139315230234,0.8520710059171606,0.8634204275534447,0.8757467144563922,0.8870192307692317,0.8985507246376816,0.9099756690997562,0.9193154034229831,0.9321824907521581,0.9289215686274517,0.9488139825218482,0.9595448798988606,0.9743260590500658,0.9882659713168191,0.9973614775725608,0.994722955145118,0.9894598155467733,0.98418972332016,0.9789473684210517,0.9750000000000014,0.9724047306176082,0.9697766097240468,0.969816272965879,0.969816272965879,0.971128608923884,0.9737532808398939,0.9764089121887274,0.9790301441677602,0.984251968503937,0.9856020942408392,0.9895287958115162,0.9921568627450981,0.993481095176012,0.9973924380704062,0.9986979166666661
59,0.9657282741738076,0.958787878787879,0.9507211538461551,0.9452380952380945,0.9373522458628827,0.9306698002350178,0.9192037470726007,0.9000000000000004,0.875,0.8457997698504016,0.8268348623853221,0.8127853881278533,0.8215909090909079,0.8371040723981906,0.8556933483652767,0.8710762331838566,0.8893854748603349,0.9051339285714288,0.9175946547884184,0.925638179800222,0.9294377067254693,0.928104575163399,0.9336956521739133,0.9600443951165367,0.9688542825361512,0.9733036707452722,0.9777282850779514,0.9799331103678934,0.9832214765100673,0.986516853932585,0.9875846501128667,0.9875283446712029,0.9863169897377428,0.9827981651376145,0.9704209328782714,0.9759725400457668,0.9872685185185173,0.9884259259259256,0.9895833333333321,0.9884393063583818,0.983908045977012,0.9817142857142862,0.9783845278725831,0.9750849377123441,0.9739819004524879,0.9705882352941178,0.967157417893544,0.9635949943117179,0.9587628865979383,0.9538106235565813,0.9522144522144522,0.9540636042402841,0.9593787335722812,0.9661016949152543,0.9706601466992666,0.9730392156862742,0.9741697416974162,0.9924433249370281,0.9874213836477992,0.9823232323232318,0.9822560202788342,0.968592964824122,0.9564676616915424,0.9420468557336612,0.9242979242979228,0.9054545454545462,0.8855421686747,0.8705035971223012,0.8532219570405726,0.8362989323843415,0.8183962264150946,0.8072855464159812,0.8016431924882639,0.8002350176263207,0.8004694835680759,0.8051643192488278,0.8143360752056399,0.8244994110718498,0.8382526564344754,0.8497041420118343,0.8610451306413296,0.8721624850657115,0.8834134615384617,0.8925120772946862,0.9026763990267632,0.91320293398533,0.924784217016029,0.9227941176470598,0.9438202247191008,0.957016434892541,0.9730423620025679,0.9882659713168191,0.9986807387862804,0.9973614775725608,0.9947299077733867,0.9907773386034258,0.9868421052631557,0.9855263157894747,0.9829172141918541,0.9816031537450733,0.9816272965879271,0.9816272965879271,0.9829396325459321,0.985564304461942,0.9868938401048482,0.9882044560943637,0.9921259842519667,0.9934554973822003,0.9960732984293195,0.9973856209150327,0.9973924380704062,1.0,0.9999999999999982
60,0.9718482252141989,0.9648484848484848,0.95673076923077,0.9476190476190478,0.9408983451536628,0.9353701527614575,0.9274004683840751,0.9127906976744189,0.8958333333333339,0.875719217491369,0.862385321100918,0.8550228310502277,0.860227272727272,0.8665158371040729,0.880496054114996,0.893497757847534,0.9072625698324028,0.9196428571428577,0.9287305122494427,0.9356270810210869,0.9393605292172005,0.9368191721132906,0.9423913043478276,0.9678135405105444,0.9755283648498327,0.9799777530589537,0.9832962138084635,0.9855072463768124,0.988814317673377,0.9898876404494388,0.9909706546275387,0.9909297052154198,0.9908779931584952,0.9873853211009163,0.9749715585893064,0.9794050343249427,0.991898148148147,0.9918981481481488,0.9930555555555554,0.9930635838150295,0.98735632183908,0.984,0.9795221843003414,0.9750849377123441,0.9728506787330318,0.9705882352941178,0.9682899207248017,0.9670079635949946,0.9656357388316152,0.9618937644341798,0.9603729603729612,0.9599528857479402,0.9653524492234169,0.9697336561743342,0.9731051344743271,0.9742647058823533,0.9741697416974162,0.9937027707808568,0.9861635220125784,0.9797979797979792,0.9809885931558924,0.9648241206030157,0.9527363184079611,0.9334155363748451,0.9120879120879106,0.8921212121212125,0.8746987951807235,0.8621103117505982,0.8460620525059657,0.8303677342823246,0.8148584905660385,0.8072855464159812,0.8004694835680759,0.7978848413631017,0.7992957746478879,0.8051643192488278,0.8143360752056399,0.8268551236749122,0.8394332939787486,0.8497041420118343,0.8610451306413296,0.8721624850657115,0.8834134615384617,0.8900966183574877,0.900243309002434,0.907090464547677,0.9198520345252774,0.9178921568627452,0.9388264669163551,0.9519595448798981,0.9704749679075722,0.9869621903520187,1.0,1.0,0.9986824769433476,0.9960474308300391,0.9947368421052634,0.9934210526315788,0.9921156373193156,0.9908015768725349,0.9908136482939618,0.9908136482939618,0.9908136482939618,0.9921259842519667,0.9934469200524241,0.9947575360419396,0.9973753280839901,0.9973821989528808,0.9986910994764386,1.0,1.0,1.0,0.9999999999999982
61,0.9767441860465116,0.9709090909090907,0.962740384615385,0.9523809523809526,0.9444444444444446,0.9400705052878973,0.9355971896955513,0.9255813953488374,0.914351851851853,0.9010356731875717,0.8933486238532122,0.8869863013698627,0.8886363636363637,0.8936651583710411,0.9030439684329199,0.9136771300448423,0.9217877094972078,0.9308035714285712,0.9387527839643646,0.9467258601553823,0.9492833517089316,0.9455337690631822,0.9500000000000011,0.9744728079911216,0.982202447163516,0.9855394883203559,0.9888641425389757,0.9899665551839476,0.9932885906040259,0.9932584269662925,0.9943566591422126,0.9943310657596385,0.9942987457240609,0.9919724770642198,0.9795221843003414,0.9828375286041187,0.9942129629629619,0.9953703703703702,0.9965277777777768,0.9953757225433542,0.9908045977011497,0.9851428571428578,0.9795221843003414,0.9750849377123441,0.9717194570135739,0.9717194570135756,0.9682899207248017,0.969283276450513,0.9713631156930127,0.9699769053117784,0.9696969696969706,0.9705535924617195,0.9725209080047783,0.9757869249394666,0.9792176039119802,0.9803921568627452,0.9778597785977858,0.9949622166246854,0.9861635220125784,0.9810606060606055,0.9809885931558924,0.9623115577889454,0.9477611940298516,0.9272503082614048,0.9059829059829045,0.8848484848484848,0.8662650602409645,0.8549160671462825,0.8400954653937944,0.8268090154211158,0.8160377358490578,0.8108108108108105,0.8051643192488278,0.8025851938895414,0.8028169014084519,0.8098591549295779,0.8202115158636882,0.8303886925795059,0.8429752066115714,0.8532544378698219,0.8634204275534447,0.8745519713261647,0.884615384615385,0.8925120772946862,0.8990267639902676,0.9058679706601467,0.9149198520345259,0.9105392156862742,0.9313358302122356,0.9469026548672552,0.9653401797175878,0.9843546284224249,0.9973614775725608,1.0,1.0,0.9986824769433476,0.9986842105263154,0.9986842105263172,0.9973718791064385,0.9960578186596578,0.9960629921259851,0.9960629921259851,0.9960629921259851,0.9973753280839901,0.9973787680209689,0.9973787680209707,1.0,0.9986910994764422,1.0,1.0,0.9986962190352031,1.0,0.9986979166666661
62,0.9816401468788261,0.9769696969696966,0.96875,0.9595238095238088,0.9503546099290769,0.9459459459459456,0.942622950819672,0.9348837209302339,0.9282407407407405,0.9205983889528184,0.9151376146788994,0.9121004566210047,0.9124999999999996,0.9151583710407234,0.9222096956031578,0.9271300448430502,0.9340782122905029,0.9419642857142865,0.9498886414253889,0.956714761376249,0.9570011025358323,0.9520697167756005,0.9565217391304355,0.9811320754716988,0.9877641824249164,0.991101223581758,0.9933184855233854,0.9944258639910828,0.9966442953020138,0.9966292134831463,0.9966139954853279,0.9965986394557831,0.9965792474344362,0.9954128440366965,0.9829351535836182,0.9874141876430205,0.9976851851851851,0.9976851851851851,0.9988425925925917,0.9976878612716771,0.9908045977011497,0.9851428571428578,0.9795221843003414,0.9750849377123441,0.9717194570135739,0.9705882352941178,0.967157417893544,0.9715585893060297,0.9759450171821307,0.9757505773672062,0.9743589743589745,0.9752650176678443,0.9796893667861397,0.9842615012106535,0.9853300733496333,0.9840686274509807,0.9827798277982769,0.9987405541561714,0.9886792452830182,0.9823232323232318,0.9809885931558924,0.9635678391959797,0.942786069651742,0.9223181257706532,0.8962148962148948,0.875151515151515,0.8578313253012055,0.8501199040767382,0.8353221957040571,0.8268090154211158,0.8172169811320753,0.8119858989424191,0.806338028169014,0.8061104582843708,0.8098591549295779,0.816901408450704,0.8272620446533487,0.8386336866902244,0.8500590318772137,0.8579881656804744,0.8681710213776714,0.8781362007168454,0.8870192307692317,0.8937198067632846,0.9014598540145986,0.9058679706601467,0.9124537607891483,0.9080882352941178,0.9263420724094882,0.9418457648546141,0.9602053915275999,0.9804432855280307,0.9960422163588412,0.9986807387862804,0.9986824769433476,1.0,0.9999999999999982,1.0,1.0,1.0,0.998687664041995,0.998687664041995,1.0,1.0,1.0,0.9999999999999982,1.0,1.0,1.0,1.0,0.9973924380704062,0.9986962190352031,0.9973958333333339
63,0.9865361077111388,0.9818181818181824,0.9759615384615383,0.9666666666666668,0.9574468085106371,0.9518213866039957,0.9496487119437944,0.9441860465116285,0.9386574074074083,0.934407364787111,0.9311926605504599,0.9292237442922371,0.9284090909090903,0.9309954751131215,0.9368658399098084,0.9405829596412563,0.9452513966480449,0.953125,0.9599109131403107,0.9644839067702549,0.9647188533627347,0.9596949891067545,0.9630434782608699,0.9866814650388456,0.9922135706340391,0.9944382647385979,0.9966592427616927,0.9977703455964324,0.9988814317673373,0.9988764044943821,0.9988713318284432,0.9988662131519277,0.9988597491448132,0.9977064220183482,0.9852104664391366,0.9885583524027464,0.9988425925925917,0.9988425925925934,1.0,0.9976878612716771,0.9908045977011497,0.984,0.9783845278725831,0.9739524348810864,0.9705882352941178,0.9683257918552037,0.9694224235560576,0.9738339021615481,0.9816723940435281,0.9849884526558892,0.9860139860139867,0.9799764428739692,0.9832735961768222,0.9915254237288131,0.9926650366748166,0.9889705882352953,0.9852398523985233,1.0,0.9911949685534598,0.9810606060606055,0.9784537389100123,0.9572864321608048,0.9402985074626873,0.9149198520345241,0.8937728937728924,0.8715151515151511,0.8530120481927721,0.8453237410071939,0.836515513126491,0.8279952550415182,0.8207547169811331,0.8143360752056399,0.8110328638497659,0.8131609870740295,0.818075117370892,0.8274647887323958,0.8378378378378368,0.846878680800943,0.8559622195985845,0.8639053254437865,0.8717339667458432,0.8817204301075261,0.890625,0.8961352657004831,0.9026763990267632,0.907090464547677,0.9136868064118371,0.9056372549019613,0.9238451935081144,0.9367888748419713,0.9563543003851098,0.9765319426336365,0.9920844327176788,0.9960422163588376,0.9973649538866916,0.9986824769433476,0.9986842105263154,1.0,1.0,1.0,1.0,1.0,1.0,1.0,1.0,0.9986893840104845,1.0,0.9973821989528808,0.9973821989528808,0.9973856209150327,0.9960886571056058,0.9960886571056058,0.9947916666666661
64,0.9902080783353728,0.9866666666666664,0.9807692307692317,0.973809523809523,0.9657210401891252,0.9600470035252648,0.9578454332552706,0.9534883720930232,0.9490740740740744,0.9447640966628299,0.9426605504587169,0.9417808219178081,0.9431818181818183,0.9445701357466056,0.9481397970687713,0.9506726457399104,0.9564245810055869,0.9620535714285712,0.9688195991091302,0.9733629300776911,0.9724366041896371,0.9662309368191728,0.9684782608695652,0.9911209766925637,0.995550611790879,0.9977753058954395,0.9988864142538976,0.9988851727982162,1.0,1.0,1.0,1.0,1.0,0.9977064220183482,0.9863481228668949,0.9897025171624705,1.0,1.0,1.0,0.9976878612716771,0.9908045977011497,0.982857142857144,0.977246871444823,0.9716874292185729,0.9671945701357458,0.9660633484162897,0.9682899207248017,0.9738339021615481,0.9793814432989691,0.9826789838337184,0.9918414918414928,0.989399293286219,0.9868578255675029,0.9927360774818403,1.0,0.9987745098039227,0.9876998769987697,0.9962216624685141,0.9924528301886788,0.9835858585858581,0.9784537389100123,0.958542713567839,0.9353233830845777,0.9149198520345241,0.8913308913308899,0.870303030303031,0.8518072289156624,0.8453237410071939,0.8341288782816232,0.8315539739027287,0.8219339622641506,0.8178613396004693,0.818075117370892,0.822561692126909,0.830985915492958,0.8380281690140858,0.8460634547591059,0.8539458186101303,0.8630460448642268,0.8698224852071004,0.8764845605700717,0.8841099163679811,0.8930288461538467,0.8985507246376816,0.9051094890510942,0.9095354523227392,0.9161528976572129,0.9068627450980387,0.9225967540574285,0.9342604298356498,0.9537869062901141,0.9739243807040427,0.9894459102902395,0.9934036939313984,0.9947299077733867,0.9960474308300391,0.9960526315789462,0.9973684210526308,0.9986859395532193,0.9986859395532193,0.998687664041995,0.998687664041995,0.998687664041995,0.998687664041995,0.9986893840104862,0.9973787680209707,0.9973753280839901,0.9960732984293195,0.9947643979057581,0.9947712418300654,0.993481095176012,0.993481095176012,0.9921874999999982
65,0.9938800489596087,0.9903030303030302,0.9855769230769234,0.9797619047619044,0.9739952718676115,0.9694477085781426,0.9672131147540988,0.9627906976744196,0.9594907407407405,0.95627157652474,0.9552752293577988,0.9543378995433791,0.9556818181818176,0.9558823529411757,0.9594137542277341,0.9618834080717491,0.9653631284916209,0.9709821428571423,0.9755011135857465,0.9789123196448397,0.9790518191841233,0.9716775599128553,0.9717391304347824,0.9944506104328532,0.9977753058954395,0.9988876529477189,1.0,1.0,1.0,1.0,0.9988713318284432,0.9988662131519277,0.9988597491448132,0.9977064220183482,0.9863481228668949,0.9897025171624705,1.0,1.0,0.9988425925925917,0.9965317919075147,0.9885057471264371,0.9817142857142862,0.9738339021615463,0.967157417893544,0.9626696832579178,0.9592760180995477,0.9603624009060017,0.9658703071672363,0.9690721649484537,0.9722863741339491,0.9848484848484862,0.9882214369846878,0.9856630824372754,0.9854721549636807,0.9902200488997561,1.0,1.0,0.9911838790931995,0.9886792452830182,0.9810606060606055,0.9771863117870723,0.958542713567839,0.9340796019900495,0.9136868064118371,0.8925518925518912,0.8739393939393949,0.8554216867469879,0.8489208633093526,0.8424821002386622,0.8351126927639392,0.8278301886792452,0.8260869565217384,0.830985915492958,0.8354876615746178,0.842723004694836,0.8474178403755879,0.8554641598119854,0.8610129564193176,0.8689492325855976,0.8733727810650898,0.8788598574821851,0.8853046594982086,0.8930288461538467,0.8985507246376816,0.9051094890510942,0.9107579462102695,0.9161528976572129,0.9080882352941178,0.9238451935081144,0.93299620733249,0.9499358151476258,0.9700130378096485,0.9868073878627968,0.9907651715039592,0.9920948616600782,0.9934123847167342,0.993421052631577,0.996052631578948,0.9960578186596578,0.9973718791064385,0.9973753280839901,0.9973753280839901,0.9973753280839901,0.9973753280839901,0.9960681520314552,0.9947575360419396,0.9960629921259851,0.9934554973822003,0.9934554973821967,0.9921568627450981,0.9895697522816178,0.9895697522816178,0.9895833333333339
66,0.9963280293757659,0.9939393939393941,0.9903846153846168,0.9857142857142858,0.9799054373522456,0.9776733254994117,0.975409836065575,0.9720930232558143,0.9699074074074083,0.9677790563866502,0.9667431192660558,0.9657534246575334,0.9659090909090899,0.9660633484162897,0.969560315670801,0.9708520179372204,0.974301675977653,0.9787946428571423,0.9821826280623611,0.9855715871254169,0.984564498346197,0.9760348583878002,0.9750000000000014,0.9955604883462819,1.0,1.0,1.0,0.9988851727982162,1.0,0.9988764044943821,0.9977426636568847,0.9977324263038554,0.9977194982896247,0.9977064220183482,0.9852104664391366,0.9908466819221964,1.0,1.0,0.9988425925925917,0.9953757225433542,0.9862068965517246,0.9794285714285724,0.9715585893060297,0.9637599093997729,0.9604072398190038,0.9570135746606336,0.9524348810872016,0.9567690557451662,0.9610538373424973,0.9653579676674369,0.9755244755244767,0.9811542991755005,0.9856630824372754,0.9854721549636807,0.9816625916870425,0.9816176470588243,0.9975399753997536,0.9911838790931995,0.9811320754716988,0.9785353535353529,0.9708491761723703,0.9522613065326642,0.932835820895523,0.9161528976572129,0.8986568986568972,0.8775757575757588,0.8590361445783135,0.8537170263788969,0.8532219570405726,0.8457888493475689,0.8384433962264151,0.8331374853113971,0.8380281690140858,0.8448883666274956,0.8485915492957758,0.8556338028169019,0.8625146886016442,0.8669022379269737,0.8724911452184188,0.8769230769230774,0.8812351543942984,0.8876941457586618,0.89423076923077,0.8985507246376816,0.9063260340632606,0.9119804400977998,0.9186189889025886,0.9105392156862742,0.9250936329588022,0.9342604298356498,0.9499358151476258,0.9674054758800512,0.9841688654353575,0.9868073878627968,0.9881422924901173,0.9894598155467733,0.9907894736842113,0.9934210526315788,0.9934296977660964,0.9947437582128771,0.9960629921259851,0.9960629921259851,0.9973753280839901,0.9973753280839901,0.9960681520314552,0.9934469200524259,0.9934383202099752,0.9908376963350776,0.9908376963350776,0.9895424836601308,0.9882659713168209,0.9882659713168209,0.9869791666666661
67,0.9987760097919214,0.9963636363636361,0.993990384615385,0.9904761904761905,0.9858156028368779,0.9835487661574618,0.9824355971896956,0.9790697674418603,0.9780092592592595,0.9758342922899885,0.9747706422018361,0.9737442922374431,0.9749999999999996,0.9751131221719458,0.9774520856820761,0.9775784753363226,0.979888268156424,0.984375,0.9877505567928733,0.9911209766925637,0.9878721058434401,0.9793028322440094,0.9771739130434796,0.9966703662597123,1.0,1.0,0.9988864142538976,0.9988851727982162,0.9977628635346747,0.9966292134831463,0.9966139954853279,0.9965986394557831,0.9954389965792476,0.9965596330275233,0.9852104664391366,0.9908466819221964,0.9988425925925917,0.9988425925925934,0.9965277777777768,0.9930635838150295,0.983908045977012,0.9760000000000009,0.9692832764505113,0.962627406568517,0.9581447963800898,0.9547511312217196,0.9513023782559458,0.9522184300341312,0.9553264604810998,0.9561200923787538,0.9638694638694645,0.968197879858657,0.976105137395459,0.9830508474576263,0.9816625916870425,0.9681372549019613,0.9852398523985233,0.9899244332493708,0.9761006289308174,0.9772727272727284,0.9683143219264885,0.9497487437185939,0.9315920398009947,0.9124537607891483,0.8998778998778985,0.8969696969696965,0.8831325301204824,0.8752997601918455,0.8651551312649168,0.8600237247924074,0.8502358490566042,0.8484136310223249,0.8462441314553999,0.8519388954171561,0.854460093896714,0.8591549295774659,0.8660399529964735,0.8704358068315674,0.8748524203069667,0.8792899408284018,0.8824228028503569,0.8888888888888893,0.8954326923076934,0.89975845410628,0.9063260340632606,0.9119804400977998,0.9186189889025886,0.9105392156862742,0.9263420724094882,0.9355246523388114,0.948652118100128,0.9661016949152543,0.9815303430079148,0.9841688654353575,0.9855072463768124,0.9855072463768124,0.9868421052631557,0.9894736842105267,0.9908015768725349,0.9921156373193156,0.9947506561679766,0.9960629921259851,0.9960629921259851,0.9973753280839901,0.9947575360419414,0.9934469200524259,0.9921259842519667,0.9895287958115198,0.9882198952879584,0.9882352941176471,0.9856584093872236,0.9856584093872236,0.9843749999999982
68,0.9987760097919214,0.997575757575758,0.9951923076923084,0.992857142857142,0.9893617021276597,0.9882491186839015,0.9871194379391106,0.9848837209302328,0.9837962962962976,0.9815880322209427,0.9816513761467895,0.9817351598173509,0.9818181818181806,0.9819004524886878,0.9842164599774534,0.9843049327354265,0.985474860335195,0.9899553571428577,0.9933184855233854,0.9944506104328532,0.9922822491730994,0.988017429193901,0.9858695652173921,0.9988901220865714,1.0,1.0,0.9977728285077951,0.9977703455964324,0.9966442953020138,0.9955056179775283,0.9943566591422126,0.9943310657596385,0.9942987457240609,0.9954128440366965,0.9852104664391366,0.9897025171624705,0.9988425925925917,0.9976851851851851,0.9953703703703702,0.9907514450867065,0.9816091954022994,0.9737142857142871,0.9658703071672345,0.9580973952434881,0.9581447963800898,0.9581447963800915,0.9524348810872016,0.9499431171786128,0.9507445589919818,0.9526558891454968,0.9580419580419584,0.9599528857479402,0.9677419354838701,0.9757869249394666,0.9804400977995105,0.9644607843137258,0.972939729397293,0.9811083123425703,0.9748427672955966,0.9734848484848495,0.9670468948035484,0.9484924623115578,0.932835820895523,0.9136868064118371,0.9010989010988997,0.8909090909090907,0.878313253012049,0.8729016786570742,0.8711217183770881,0.8612099644128115,0.8549528301886795,0.8531139835487647,0.854460093896714,0.8589894242068148,0.8603286384976538,0.863849765258216,0.8683901292596943,0.8727915194346298,0.8772136953955147,0.8792899408284018,0.8824228028503569,0.890083632019115,0.8954326923076934,0.89975845410628,0.9075425790754252,0.9119804400977998,0.9198520345252774,0.9117647058823533,0.9263420724094882,0.9355246523388114,0.9499358151476258,0.9647979139504574,0.9788918205804755,0.9815303430079148,0.982872200263504,0.982872200263504,0.9828947368421037,0.9855263157894747,0.9868593955321963,0.9894875164257577,0.9908136482939618,0.9934383202099717,0.9947506561679766,0.9947506561679766,0.9947575360419414,0.9934469200524259,0.9921259842519667,0.9882198952879584,0.986910994764397,0.9869281045751634,0.9843546284224267,0.9856584093872236,0.9843749999999982
69,1.0,0.9987878787878781,0.9963942307692317,0.9940476190476186,0.9917257683215119,0.9905992949471205,0.9906323185011718,0.9883720930232567,0.9884259259259256,0.9873417721518987,0.987385321100918,0.987442922374429,0.9874999999999989,0.987556561085972,0.9887260428410372,0.9887892376681613,0.991061452513966,0.9955357142857135,0.9966592427616927,0.9988901220865714,1.0,1.0,1.0,1.0,0.9977753058954395,0.9988876529477189,0.9966592427616927,0.9944258639910828,0.9944071588366885,0.9932584269662925,0.9932279909706541,0.9943310657596385,0.9942987457240609,0.9965596330275233,0.9852104664391366,0.9885583524027464,0.9976851851851851,0.9953703703703702,0.9942129629629619,0.9884393063583818,0.9793103448275868,0.9691428571428577,0.9613196814561995,0.9524348810872016,0.9558823529411757,0.9592760180995477,0.9580973952434881,0.9488054607508545,0.9484536082474229,0.9503464203233261,0.9533799533799545,0.9575971731448778,0.9653524492234169,0.9709443099273596,0.9755501222493894,0.9669117647058822,0.9630996309963091,0.9773299748110844,0.9735849056603776,0.9696969696969706,0.9645120405576666,0.9484924623115578,0.9315920398009947,0.9149198520345241,0.9035409035409021,0.8945454545454545,0.8795180722891569,0.8693045563549155,0.8651551312649168,0.8612099644128115,0.8608490566037741,0.8625146886016442,0.8615023474178418,0.8625146886016442,0.863849765258216,0.866197183098592,0.8695652173913029,0.8727915194346298,0.8760330578512399,0.8792899408284018,0.8883610451306403,0.8936678614097975,0.8978365384615383,0.9009661835748783,0.9087591240875916,0.91320293398533,0.9198520345252774,0.9129901960784323,0.9288389513108619,0.9367888748419713,0.9499358151476258,0.963494132985657,0.9775725593667559,0.9788918205804755,0.9789196310935431,0.9789196310935431,0.9789473684210517,0.9815789473684227,0.9829172141918541,0.9842312746386348,0.9868766404199469,0.9895013123359568,0.9921259842519667,0.9934383202099717,0.9921363040629103,0.9921363040629085,0.9921259842519667,0.9895287958115198,0.986910994764397,0.9856209150326798,0.9843546284224267,0.9856584093872236,0.9856770833333339
70,1.0,0.9987878787878781,0.9975961538461551,0.9964285714285719,0.9940898345153659,0.9941245593419499,0.9953161592505868,0.9941860465116292,0.9930555555555554,0.9919447640966617,0.9919724770642215,0.9920091324200921,0.9920454545454547,0.9920814479638,0.9932356257046226,0.9932735426008978,0.9955307262569839,0.9977678571428577,0.9988864142538976,1.0,0.9911797133406832,0.988017429193901,0.9956521739130437,1.0,0.9977753058954395,0.9977753058954395,0.9955456570155903,0.9944258639910828,0.9932885906040259,0.9932584269662925,0.9920993227990973,0.9920634920634921,0.9942987457240609,0.9988532110091732,0.9852104664391366,0.9862700228832946,0.9976851851851851,0.9942129629629637,0.991898148148147,0.9861271676300589,0.9770114942528725,0.968,0.9601820250284412,0.9535673839184593,0.9490950226244337,0.9547511312217196,0.9558323895809728,0.9476678043230944,0.9473081328751434,0.9480369515011553,0.9510489510489517,0.9564193168433466,0.9641577060931894,0.9697336561743342,0.9731051344743271,0.9705882352941178,0.9643296432964323,0.9798488664987417,0.9723270440251568,0.967171717171718,0.9645120405576666,0.9497487437185939,0.932835820895523,0.9149198520345241,0.8962148962148948,0.8848484848484848,0.8771084337349393,0.8717026378896868,0.8711217183770881,0.8671411625148284,0.8620283018867934,0.8589894242068148,0.8591549295774659,0.8625146886016442,0.865023474178404,0.8685446009389679,0.8695652173913029,0.8704358068315674,0.8772136953955147,0.8828402366863912,0.8871733966745836,0.8936678614097975,0.900240384615385,0.9009661835748783,0.9099756690997562,0.9156479217603923,0.9223181257706532,0.9129901960784323,0.9288389513108619,0.9367888748419713,0.9499358151476258,0.963494132985657,0.9749340369393131,0.9762532981530327,0.9762845849802382,0.9749670619235822,0.9749999999999996,0.9763157894736842,0.9776609724047312,0.9789750328515119,0.9816272965879271,0.985564304461942,0.9881889763779519,0.9908136482939618,0.9908256880733965,0.989515072083881,0.9908136482939618,0.986910994764397,0.9856020942408357,0.9843137254901961,0.9830508474576263,0.9843546284224267,0.9830729166666661
71,1.0,1.0,0.9987980769230766,0.9988095238095234,0.997635933806146,0.997649823736781,0.9988290398126463,0.9976744186046513,0.9965277777777786,0.9953970080552352,0.9954128440366983,0.9954337899543386,0.9954545454545443,0.995475113122172,0.9977452085682081,0.9977578475336326,0.997765363128492,0.9988839285714288,1.0,1.0,0.9944873208379281,0.9716775599128553,0.9804347826086968,0.9966703662597123,0.9977753058954395,0.9966629588431584,0.9933184855233854,0.993311036789299,0.992170022371365,0.9921348314606746,0.989841986455982,0.9954648526077108,0.9931584948688723,0.9942660550458715,0.9840728100113765,0.9816933638443928,0.9942129629629619,0.9930555555555554,0.9895833333333321,0.9849710982658966,0.9747126436781599,0.966857142857144,0.9579067121729228,0.9501698754246881,0.9411764705882337,0.9400452488687776,0.9422423556058881,0.9408418657565427,0.9450171821305844,0.9445727482678983,0.9475524475524484,0.9528857479387529,0.9605734767025087,0.9673123486682798,0.9706601466992666,0.9705882352941178,0.9655596555965555,0.9798488664987417,0.969811320754717,0.9659090909090917,0.9645120405576666,0.9484924623115578,0.932835820895523,0.9173859432799016,0.9023199023199009,0.8921212121212125,0.8831325301204824,0.8788968824940042,0.8758949880668254,0.8742586002372477,0.8655660377358494,0.8578143360752044,0.8579812206572779,0.8625146886016442,0.862676056338028,0.866197183098592,0.8672150411280839,0.8704358068315674,0.8772136953955147,0.880473372781065,0.8836104513064136,0.8912783751493425,0.8978365384615383,0.9021739130434785,0.9087591240875916,0.91320293398533,0.923551171393342,0.9142156862745097,0.9300873907615479,0.9393173198482927,0.9499358151476258,0.9621903520208601,0.9736147757255935,0.9736147757255935,0.9723320158102773,0.9710144927536248,0.9697368421052612,0.9710526315789458,0.9724047306176082,0.973718791064389,0.9763779527559038,0.9803149606299222,0.984251968503937,0.9868766404199469,0.9868938401048482,0.9868938401048499,0.9881889763779519,0.9856020942408392,0.9842931937172779,0.9830065359477125,0.9804432855280325,0.9817470664928294,0.9817708333333339
72,1.0,1.0,1.0,1.0,1.0,1.0,1.0,1.0,1.0,1.0,1.0000000000000018,1.0,1.0,1.0,1.0,1.0,1.0,1.0,1.0,0.9988901220865714,0.9944873208379281,0.9760348583878002,0.9728260869565215,0.9911209766925637,0.9977753058954395,0.995550611790879,0.992204899777283,0.9910813823857314,0.9910514541387023,0.9898876404494388,0.9887133182844252,0.9920634920634921,0.9908779931584952,1.0,1.0,1.0,0.991898148148147,0.9907407407407405,0.9872685185185173,0.9826589595375737,0.9735632183908045,0.9645714285714284,0.9556313993174061,0.9467723669309169,0.9411764705882337,0.9366515837104075,0.9377123442808593,0.9385665529010243,0.9392898052691869,0.9399538106235568,0.9440559440559451,0.9493521790341592,0.956989247311828,0.9648910411622271,0.9694376528117363,0.9669117647058822,0.9618696186961859,0.9773299748110844,0.9672955974842772,0.9633838383838391,0.9632446134347266,0.9510050251256281,0.939054726368159,0.923551171393342,0.9047619047619033,0.8945454545454545,0.8879518072289159,0.8836930455635486,0.8830548926014323,0.8849347568208774,0.8785377358490578,0.875440658049353,0.865023474178404,0.8683901292596943,0.863849765258216,0.862676056338028,0.8625146886016442,0.8657243816254425,0.8748524203069667,0.8792899408284018,0.8836104513064136,0.890083632019115,0.8966346153846168,0.9021739130434785,0.9087591240875916,0.9119804400977998,0.9223181257706532,0.9166666666666661,0.9325842696629216,0.9405815423514525,0.948652118100128,0.9608865710560632,0.9722955145118739,0.9722955145118739,0.9696969696969688,0.9670619235836639,0.9657894736842092,0.965789473684211,0.9671484888304853,0.968462549277266,0.971128608923884,0.9737532808398939,0.9790026246719137,0.9829396325459321,0.9829619921363033,0.9829619921363051,0.984251968503937,0.9829842931937165,0.9829842931937165,0.9816993464052288,0.9804432855280325,0.9804432855280325,0.9817708333333339
