11484,11483,11483,11482,11482,11482,11482,11482,11482,11482,11481,11481,11481,11481,11481,11480,11480,11480,11480,11481,11482,11482,11482,11483,11484,11485,11487,11488,11490,11492,11495,11497,11499,11502,11505,11508,11511,11515,11519,11522,11526,11530,11535,11540,11545,11549,11553,11558,11563,11568,11573,11579,11584,11588,11594,11600,11606,11612,11617,11623,11629,11635,11641,11647,11654,11660,11666,11672,11677,11682,11687,11692,11696,11699,11702,11706,11708,11710,11712,11714,11715,11716,11717,11718,11719,11720,11720,11720,11719,11718,11717,11715,11714,11712,11709,11707,11704,11701,11698,11694,11691,11687,11683,11679,11675,11671,11666,11662,11658,11653,11648,11644,11639
11481,11480,11480,11479,11478,11478,11478,11477,11477,11477,11476,11476,11475,11475,11474,11473,11473,11473,11473,11473,11473,11474,11474,11475,11475,11476,11478,11479,11481,11483,11485,11487,11490,11493,11496,11499,11502,11506,11509,11513,11518,11522,11527,11531,11537,11542,11546,11551,11556,11561,11567,11573,11579,11584,11589,11595,11602,11609,11614,11620,11626,11633,11640,11646,11653,11660,11667,11674,11681,11687,11692,11697,11701,11705,11709,11712,11715,11717,11719,11721,11723,11725,11727,11728,11729,11730,11731,11731,11730,11730,11728,11727,11724,11722,11719,11716,11713,11710,11706,11703,11699,11695,11691,11687,11682,11678,11673,11668,11664,11659,11655,11650,11645
11481,11479,11477,11476,11475,11474,11474,11473,11473,11472,11472,11471,11470,11469,11468,11468,11467,11466,11466,11466,11467,11467,11468,11468,11469,11470,11471,11473,11474,11476,11478,11481,11483,11486,11489,11492,11495,11499,11503,11506,11510,11515,11519,11524,11529,11535,11540,11546,11551,11556,11562,11568,11574,11580,11585,11591,11597,11604,11611,11616,11622,11629,11636,11643,11650,11657,11664,11672,11679,11685,11692,11698,11702,11707,11711,11714,11717,11720,11724,11726,11728,11731,11733,11735,11737,11738,11739,11740,11739,11739,11737,11736,11733,11731,11728,11725,11721,11717,11713,11709,11704,11700,11695,11691,11687,11683,11678,11673,11668,11664,11659,11654,11650
11482,11479,11477,11475,11473,11471,11470,11469,11469,11468,11467,11466,11465,11465,11464,11463,11462,11462,11461,11461,11461,11462,11462,11463,11464,11465,11466,11468,11470,11472,11474,11476,11479,11482,11484,11488,11491,11494,11498,11502,11506,11510,11515,11520,11525,11530,11536,11541,11546,11552,11557,11564,11570,11575,11581,11586,11592,11600,11606,11612,11618,11624,11632,11639,11645,11652,11660,11668,11675,11683,11690,11697,11703,11708,11713,11717,11721,11725,11729,11732,11736,11739,11742,11745,11747,11748,11750,11750,11750,11749,11747,11745,11742,11738,11735,11731,11727,11722,11718,11713,11709,11704,11701,11696,11690,11685,11680,11676,11671,11666,11661,11657,11653
11484,11480,11477,11474,11471,11469,11467,11466,11465,11464,11463,11462,11461,11460,11460,11459,11458,11458,11458,11458,11458,11459,11459,11460,11460,11461,11463,11464,11466,11468,11471,11473,11476,11479,11482,11485,11489,11492,11496,11500,11504,11508,11512,11517,11522,11527,11532,11537,11543,11548,11554,11560,11566,11571,11576,11581,11587,11594,11600,11605,11612,11618,11625,11632,11639,11645,11653,11661,11668,11676,11684,11692,11699,11705,11712,11717,11722,11727,11732,11737,11741,11745,11749,11752,11755,11757,11759,11759,11759,11758,11756,11753,11750,11746,11742,11737,11732,11727,11722,11716,11711,11706,11700,11695,11690,11686,11680,11675,11671,11666,11662,11658,11653
11487,11483,11478,11474,11470,11467,11465,11463,11461,11460,11458,11457,11457,11456,11455,11455,11455,11455,11455,11455,11456,11456,11457,11458,11459,11460,11461,11463,11465,11467,11469,11472,11474,11478,11481,11485,11488,11492,11495,11499,11503,11508,11512,11516,11521,11526,11531,11536,11541,11545,11551,11557,11561,11566,11572,11577,11582,11589,11594,11599,11605,11611,11618,11624,11631,11638,11645,11653,11661,11669,11678,11686,11694,11701,11709,11715,11722,11728,11734,11740,11745,11751,11755,11760,11763,11766,11767,11768,11768,11766,11763,11760,11756,11751,11746,11740,11734,11728,11722,11716,11710,11705,11699,11694,11688,11683,11678,11674,11669,11664,11660,11656,11653
11491,11485,11480,11476,11471,11467,11464,11461,11458,11457,11455,11454,11452,11452,11451,11451,11451,11451,11451,11452,11453,11454,11455,11456,11457,11459,11460,11462,11464,11466,11469,11472,11475,11479,11482,11486,11490,11493,11498,11501,11505,11509,11513,11517,11522,11526,11531,11535,11539,11544,11549,11553,11558,11562,11567,11572,11577,11582,11587,11592,11597,11603,11609,11615,11622,11629,11636,11643,11652,11660,11669,11678,11687,11696,11705,11713,11721,11728,11735,11741,11749,11755,11761,11766,11770,11773,11775,11776,11775,11773,11770,11767,11761,11755,11749,11742,11735,11728,11721,11715,11708,11702,11695,11689,11683,11678,11673,11668,11663,11658,11655,11652,11649
11496,11490,11483,11478,11473,11468,11464,11460,11457,11455,11453,11451,11449,11448,11447,11447,11447,11447,11447,11448,11449,11450,11452,11454,11456,11458,11460,11463,11466,11469,11471,11475,11478,11482,11485,11489,11493,11497,11501,11505,11509,11513,11517,11520,11524,11528,11532,11535,11539,11543,11547,11551,11555,11559,11563,11567,11571,11576,11580,11585,11590,11595,11601,11606,11613,11620,11627,11635,11643,11651,11660,11670,11679,11688,11698,11707,11716,11724,11733,11742,11750,11757,11763,11770,11775,11778,11781,11782,11782,11779,11776,11771,11765,11758,11750,11742,11733,11725,11718,11711,11704,11697,11690,11683,11676,11670,11665,11660,11655,11651,11648,11645,11643
11502,11494,11487,11481,11475,11470,11465,11461,11457,11454,11452,11450,11448,11446,11446,11445,11445,11446,11446,11447,11449,11451,11453,11456,11458,11461,11464,11467,11470,11473,11476,11480,11484,11488,11492,11496,11500,11504,11508,11512,11515,11519,11522,11525,11528,11531,11534,11537,11540,11543,11546,11549,11553,11556,11559,11563,11566,11570,11574,11578,11582,11588,11593,11598,11604,11611,11618,11626,11634,11643,11652,11662,11672,11683,11693,11703,11713,11723,11732,11742,11751,11760,11768,11774,11779,11783,11787,11788,11788,11785,11782,11776,11769,11760,11751,11741,11732,11722,11714,11705,11697,11689,11681,11674,11667,11660,11654,11649,11645,11642,11639,11637,11636
11507,11499,11491,11485,11478,11472,11467,11462,11458,11455,11452,11450,11448,11447,11446,11446,11446,11447,11449,11450,11452,11455,11457,11460,11464,11467,11471,11474,11478,11482,11486,11490,11494,11498,11502,11506,11510,11514,11517,11521,11524,11527,11530,11532,11534,11536,11539,11540,11542,11544,11546,11548,11550,11553,11556,11558,11561,11565,11568,11572,11576,11581,11586,11591,11597,11604,11612,11619,11628,11637,11646,11656,11666,11677,11688,11699,11710,11721,11731,11741,11752,11761,11769,11777,11784,11789,11791,11793,11793,11791,11787,11780,11772,11762,11751,11739,11728,11718,11708,11699,11690,11681,11672,11664,11657,11650,11645,11640,11635,11632,11629,11627,11626
11512,11503,11495,11488,11481,11475,11470,11465,11461,11457,11455,11452,11451,11450,11450,11450,11452,11454,11456,11458,11461,11464,11468,11471,11475,11478,11482,11486,11490,11494,11499,11504,11508,11513,11517,11521,11524,11528,11530,11533,11536,11538,11540,11541,11542,11543,11544,11545,11546,11546,11547,11549,11550,11551,11553,11555,11558,11561,11564,11568,11572,11577,11582,11587,11593,11600,11607,11615,11623,11633,11643,11653,11664,11675,11687,11699,11711,11722,11733,11744,11755,11765,11774,11782,11789,11793,11797,11799,11799,11797,11792,11785,11775,11763,11750,11738,11725,11713,11702,11691,11681,11672,11662,11654,11646,11639,11633,11627,11624,11620,11617,11614,11612
11518,11508,11499,11491,11484,11478,11473,11468,11464,11461,11458,11456,11455,11455,11456,11458,11460,11461,11464,11466,11470,11474,11478,11482,11486,11491,11497,11502,11508,11513,11518,11522,11527,11531,11534,11538,11541,11544,11546,11548,11549,11550,11551,11552,11552,11552,11551,11551,11551,11550,11550,11550,11550,11551,11552,11554,11556,11559,11562,11565,11569,11574,11579,11585,11592,11599,11606,11614,11623,11633,11643,11654,11666,11678,11690,11702,11714,11727,11738,11750,11761,11771,11780,11788,11795,11801,11804,11806,11806,11803,11797,11789,11778,11765,11750,11736,11722,11708,11696,11684,11673,11663,11653,11644,11636,11629,11622,11616,11611,11606,11601,11598,11594
11520,11511,11503,11495,11487,11481,11475,11471,11467,11464,11462,11461,11461,11462,11463,11465,11467,11470,11474,11478,11483,11488,11494,11499,11505,11510,11515,11521,11527,11533,11540,11546,11550,11554,11557,11560,11562,11563,11565,11566,11566,11566,11565,11564,11563,11562,11560,11559,11557,11556,11554,11554,11553,11553,11554,11555,11557,11559,11562,11566,11570,11575,11580,11586,11593,11601,11609,11618,11628,11638,11649,11660,11672,11685,11698,11711,11724,11737,11749,11761,11772,11782,11791,11799,11805,11810,11813,11815,11814,11810,11803,11794,11782,11768,11752,11735,11719,11704,11690,11677,11665,11654,11643,11634,11625,11617,11609,11602,11596,11589,11583,11579,11576
11525,11515,11506,11498,11490,11484,11478,11474,11470,11467,11466,11465,11466,11468,11470,11472,11475,11480,11484,11489,11495,11501,11508,11515,11523,11532,11541,11548,11555,11561,11566,11571,11576,11580,11582,11584,11585,11586,11586,11586,11585,11583,11581,11579,11577,11574,11572,11569,11566,11564,11561,11560,11558,11557,11557,11558,11560,11562,11565,11569,11574,11579,11585,11592,11599,11608,11617,11626,11636,11647,11659,11671,11684,11698,11712,11725,11738,11751,11764,11776,11787,11797,11805,11813,11819,11823,11825,11826,11823,11820,11812,11800,11786,11771,11753,11736,11718,11702,11686,11672,11659,11647,11636,11625,11615,11605,11596,11587,11579,11572,11566,11560,11557
11527,11517,11509,11501,11493,11486,11481,11477,11474,11472,11471,11471,11472,11474,11477,11481,11485,11491,11498,11506,11514,11522,11531,11540,11549,11558,11566,11575,11584,11591,11598,11603,11607,11611,11612,11613,11613,11612,11611,11610,11607,11604,11600,11596,11592,11589,11585,11581,11578,11574,11571,11568,11566,11565,11564,11565,11566,11568,11571,11575,11580,11586,11593,11601,11609,11619,11628,11639,11650,11662,11675,11688,11702,11716,11731,11745,11759,11773,11785,11797,11808,11817,11825,11831,11836,11839,11840,11839,11836,11830,11820,11809,11796,11777,11759,11739,11719,11701,11684,11668,11653,11640,11626,11614,11602,11590,11580,11569,11562,11553,11547,11542,11541
11531,11521,11511,11503,11496,11490,11484,11480,11478,11476,11476,11476,11478,11482,11486,11492,11498,11506,11515,11524,11534,11544,11555,11567,11578,11590,11601,11611,11619,11625,11631,11635,11638,11640,11641,11640,11639,11638,11636,11633,11630,11626,11621,11616,11610,11605,11600,11595,11590,11586,11582,11579,11576,11575,11574,11574,11575,11577,11580,11585,11590,11597,11605,11614,11623,11634,11645,11657,11669,11682,11696,11711,11726,11741,11756,11771,11786,11799,11812,11823,11833,11841,11848,11853,11856,11858,11857,11855,11850,11843,11833,11819,11802,11783,11763,11743,11722,11702,11682,11665,11649,11634,11620,11607,11593,11579,11567,11554,11546,11536,11533,11528,11527
11533,11523,11514,11506,11499,11492,11488,11484,11482,11481,11481,11483,11486,11491,11498,11505,11514,11524,11535,11547,11560,11574,11587,11600,11612,11624,11635,11644,11652,11658,11664,11667,11670,11671,11671,11670,11667,11663,11659,11654,11651,11645,11640,11634,11628,11622,11615,11609,11604,11598,11594,11590,11587,11586,11585,11585,11587,11589,11593,11598,11604,11612,11621,11631,11641,11653,11666,11679,11694,11708,11724,11740,11756,11772,11788,11802,11817,11831,11843,11853,11862,11869,11875,11878,11880,11880,11878,11873,11866,11857,11846,11829,11813,11794,11772,11749,11726,11704,11683,11664,11646,11629,11613,11597,11581,11567,11552,11541,11530,11526,11520,11517,11516
11536,11526,11517,11509,11502,11497,11492,11489,11487,11487,11489,11492,11497,11504,11512,11522,11533,11546,11559,11574,11590,11604,11617,11631,11646,11659,11673,11685,11694,11701,11706,11708,11709,11708,11705,11702,11698,11693,11687,11682,11674,11670,11661,11656,11648,11640,11632,11625,11618,11612,11607,11603,11600,11598,11598,11598,11601,11604,11609,11614,11622,11630,11640,11652,11664,11678,11692,11707,11723,11740,11757,11774,11790,11807,11823,11838,11852,11865,11876,11886,11893,11899,11903,11905,11906,11903,11900,11893,11885,11874,11862,11845,11825,11803,11780,11755,11731,11708,11685,11664,11644,11625,11608,11591,11575,11561,11546,11538,11524,11518,11511,11508,11507
11541,11531,11522,11514,11507,11502,11498,11495,11495,11496,11499,11504,11511,11520,11531,11543,11557,11572,11588,11605,11622,11637,11654,11668,11682,11696,11710,11724,11734,11740,11744,11748,11752,11750,11744,11738,11732,11725,11717,11709,11702,11694,11687,11677,11669,11660,11651,11643,11635,11629,11623,11618,11615,11613,11613,11615,11618,11622,11628,11635,11643,11653,11665,11678,11692,11707,11723,11741,11758,11776,11794,11812,11829,11846,11862,11876,11890,11901,11911,11919,11926,11930,11932,11933,11932,11928,11922,11915,11905,11892,11877,11859,11839,11815,11790,11765,11739,11714,11689,11666,11644,11624,11605,11587,11570,11555,11538,11530,11518,11513,11507,11504,11503
11548,11537,11528,11520,11514,11509,11506,11504,11505,11507,11512,11519,11529,11540,11553,11567,11584,11601,11620,11639,11656,11671,11689,11706,11720,11735,11745,11758,11767,11776,11782,11785,11783,11782,11779,11773,11766,11758,11749,11740,11731,11720,11712,11702,11693,11682,11672,11663,11655,11647,11641,11636,11633,11632,11632,11634,11638,11643,11650,11659,11669,11681,11694,11709,11724,11741,11759,11778,11797,11816,11835,11853,11870,11887,11902,11915,11927,11937,11945,11952,11956,11959,11961,11960,11956,11952,11945,11936,11925,11912,11896,11877,11855,11830,11803,11776,11748,11722,11695,11671,11647,11625,11605,11587,11570,11556,11542,11530,11520,11511,11507,11504,11503
11557,11546,11537,11529,11524,11520,11517,11517,11519,11524,11531,11540,11552,11565,11580,11597,11615,11635,11656,11675,11693,11711,11731,11747,11762,11775,11788,11800,11810,11816,11817,11817,11819,11818,11815,11809,11800,11791,11782,11771,11760,11750,11739,11727,11716,11705,11694,11685,11676,11669,11663,11658,11655,11654,11655,11658,11662,11669,11677,11688,11699,11713,11728,11744,11762,11780,11800,11820,11840,11859,11878,11895,11912,11927,11940,11952,11963,11971,11978,11983,11986,11987,11987,11985,11982,11975,11968,11957,11945,11930,11913,11894,11871,11845,11818,11789,11760,11732,11704,11677,11652,11629,11608,11589,11572,11557,11543,11532,11523,11515,11511,11509,11509
11568,11557,11548,11542,11537,11534,11533,11535,11539,11546,11555,11566,11580,11595,11612,11631,11651,11673,11694,11714,11735,11755,11773,11791,11805,11818,11829,11840,11848,11856,11861,11863,11861,11857,11850,11841,11833,11824,11813,11801,11789,11777,11764,11752,11739,11728,11717,11707,11699,11692,11686,11683,11681,11681,11683,11686,11692,11700,11710,11721,11735,11750,11767,11785,11804,11824,11844,11865,11884,11903,11920,11936,11951,11965,11977,11987,11995,12002,12007,12010,12012,12013,12012,12009,12004,11997,11989,11977,11965,11950,11931,11912,11889,11864,11834,11804,11773,11743,11714,11687,11660,11636,11614,11595,11578,11563,11550,11539,11529,11524,11519,11518,11519
11582,11571,11563,11557,11554,11552,11553,11557,11563,11572,11583,11596,11612,11629,11648,11669,11692,11714,11736,11757,11778,11799,11818,11836,11851,11865,11875,11885,11892,11896,11898,11899,11898,11895,11888,11878,11867,11856,11844,11831,11818,11805,11793,11780,11767,11756,11744,11734,11725,11719,11714,11711,11710,11712,11715,11720,11728,11738,11749,11762,11777,11794,11812,11831,11851,11871,11890,11910,11928,11945,11961,11975,11989,12000,12009,12017,12024,12029,12032,12035,12036,12035,12034,12030,12025,12018,12009,11997,11983,11969,11949,11931,11905,11882,11850,11821,11789,11757,11727,11698,11671,11646,11623,11604,11586,11571,11558,11548,11540,11534,11531,11531,11534
11600,11590,11583,11578,11576,11576,11579,11584,11592,11603,11616,11631,11648,11667,11688,11712,11735,11758,11781,11805,11827,11847,11865,11883,11897,11910,11921,11930,11936,11940,11941,11940,11936,11930,11923,11913,11901,11889,11876,11862,11849,11834,11818,11806,11792,11782,11771,11761,11754,11748,11744,11742,11743,11746,11751,11758,11767,11779,11792,11807,11824,11841,11860,11879,11898,11918,11936,11954,11970,11986,11999,12011,12021,12030,12037,12043,12048,12052,12055,12057,12058,12057,12055,12051,12045,12037,12027,12016,12001,11986,11967,11949,11923,11901,11869,11840,11807,11773,11742,11712,11684,11658,11635,11615,11597,11583,11570,11560,11552,11548,11546,11547,11551
11621,11613,11607,11603,11603,11605,11609,11616,11626,11638,11653,11669,11688,11710,11734,11758,11782,11806,11831,11854,11875,11895,11912,11928,11943,11955,11965,11973,11978,11981,11980,11977,11973,11966,11958,11947,11935,11922,11908,11895,11881,11867,11853,11839,11827,11814,11803,11794,11787,11782,11779,11779,11781,11785,11792,11801,11812,11825,11840,11857,11874,11892,11910,11928,11946,11964,11981,11996,12010,12023,12033,12042,12049,12055,12061,12066,12071,12074,12077,12079,12080,12079,12077,12073,12067,12058,12047,12035,12020,12004,11985,11966,11942,11920,11889,11859,11826,11792,11759,11728,11699,11672,11648,11628,11611,11596,11584,11574,11568,11564,11563,11565,11571
11645,11638,11634,11632,11633,11636,11643,11652,11663,11677,11693,11712,11735,11759,11783,11807,11831,11856,11880,11902,11922,11941,11958,11973,11987,11998,12008,12014,12018,12018,12016,12011,12005,11998,11989,11978,11966,11954,11941,11927,11913,11899,11885,11870,11859,11848,11840,11832,11826,11822,11821,11822,11826,11832,11840,11850,11862,11876,11893,11909,11926,11943,11959,11976,11992,12007,12021,12034,12045,12053,12060,12067,12072,12078,12083,12087,12091,12094,12096,12098,12099,12099,12096,12093,12086,12078,12067,12054,12039,12022,12003,11983,11960,11938,11909,11880,11847,11813,11778,11746,11716,11689,11664,11643,11626,11612,11601,11592,11586,11583,11584,11587,11594
11671,11665,11663,11663,11665,11671,11679,11690,11703,11718,11737,11760,11784,11808,11832,11857,11882,11906,11929,11950,11970,11988,12004,12019,12031,12042,12048,12052,12053,12051,12046,12041,12035,12027,12018,12008,11996,11984,11971,11958,11945,11931,11919,11907,11897,11887,11879,11873,11868,11866,11867,11869,11874,11881,11890,11900,11914,11929,11944,11960,11976,11990,12005,12019,12033,12045,12056,12065,12072,12078,12083,12087,12092,12096,12100,12103,12106,12110,12113,12115,12116,12116,12115,12111,12105,12097,12087,12074,12058,12041,12022,12000,11978,11955,11929,11900,11868,11834,11799,11766,11735,11707,11682,11661,11644,11630,11619,11611,11606,11605,11607,11612,11621
11697,11694,11693,11695,11699,11707,11717,11730,11745,11764,11785,11810,11834,11858,11883,11908,11932,11955,11977,11997,12017,12035,12050,12064,12074,12081,12085,12085,12083,12080,12076,12070,12063,12055,12046,12036,12025,12013,12001,11989,11977,11964,11952,11940,11931,11923,11918,11914,11909,11911,11912,11917,11922,11930,11940,11951,11964,11978,11993,12007,12021,12034,12047,12058,12069,12078,12086,12091,12095,12098,12102,12105,12108,12111,12113,12115,12118,12120,12122,12124,12126,12128,12127,12126,12122,12115,12105,12093,12077,12060,12041,12019,11997,11973,11949,11922,11891,11857,11824,11790,11757,11728,11702,11681,11663,11649,11639,11632,11629,11628,11632,11638,11649
11725,11724,11725,11728,11735,11745,11757,11773,11791,11812,11836,11861,11885,11910,11934,11958,11981,12003,12024,12045,12063,12080,12094,12105,12112,12115,12116,12115,12113,12108,12103,12097,12089,12081,12072,12061,12051,12040,12029,12018,12008,11996,11985,11973,11967,11960,11955,11954,11952,11954,11956,11962,11970,11979,11988,11999,12011,12024,12037,12050,12062,12074,12084,12092,12100,12108,12112,12114,12115,12115,12117,12119,12120,12121,12121,12122,12123,12124,12125,12128,12130,12133,12135,12135,12134,12129,12122,12110,12096,12078,12059,12038,12016,11992,11968,11942,11913,11880,11847,11814,11781,11750,11724,11702,11684,11671,11661,11655,11652,11654,11658,11667,11679
11753,11754,11757,11764,11773,11786,11801,11819,11839,11863,11887,11912,11937,11961,11984,12007,12029,12051,12072,12091,12109,12123,12132,12139,12143,12145,12145,12143,12140,12135,12129,12122,12114,12105,12095,12085,12075,12065,12055,12045,12035,12025,12014,12005,11995,11993,11990,11990,11991,11993,11999,12004,12013,12023,12031,12041,12053,12065,12077,12089,12100,12110,12120,12129,12136,12137,12136,12134,12131,12129,12129,12129,12129,12127,12126,12124,12122,12121,12122,12124,12128,12133,12139,12141,12142,12140,12135,12126,12114,12098,12079,12058,12035,12012,11988,11963,11937,11908,11875,11842,11809,11777,11749,11726,11708,11695,11685,11680,11678,11681,11687,11697,11711
11784,11787,11793,11802,11814,11828,11846,11866,11889,11913,11937,11962,11985,12008,12032,12055,12077,12098,12118,12136,12148,12157,12163,12168,12171,12173,12172,12169,12165,12159,12152,12145,12136,12127,12117,12107,12098,12088,12078,12069,12059,12050,12041,12032,12027,12023,12022,12024,12026,12032,12035,12045,12047,12059,12068,12079,12090,12102,12114,12125,12137,12148,12156,12161,12161,12158,12155,12150,12146,12142,12139,12137,12135,12131,12128,12123,12120,12118,12117,12118,12121,12128,12134,12140,12146,12147,12145,12139,12129,12115,12097,12077,12055,12032,12007,11983,11957,11930,11900,11869,11837,11806,11778,11753,11734,11721,11712,11707,11707,11710,11718,11730,11748
11819,11823,11832,11842,11857,11874,11893,11915,11938,11962,11986,12009,12032,12056,12079,12101,12123,12143,12159,12170,12178,12184,12190,12194,12197,12197,12195,12192,12186,12180,12173,12164,12156,12147,12137,12127,12118,12108,12099,12089,12080,12072,12065,12059,12053,12052,12051,12054,12057,12063,12068,12073,12080,12089,12101,12113,12124,12136,12148,12160,12169,12175,12178,12179,12179,12175,12172,12167,12162,12155,12149,12144,12139,12134,12127,12124,12120,12112,12109,12110,12113,12120,12128,12137,12145,12151,12153,12149,12143,12130,12115,12096,12074,12052,12029,12005,11981,11955,11928,11898,11868,11839,11810,11785,11765,11751,11742,11738,11739,11743,11754,11769,11790
11856,11863,11872,11886,11901,11919,11941,11964,11987,12010,12034,12059,12082,12103,12125,12146,12165,12179,12189,12197,12204,12210,12215,12218,12219,12218,12215,12210,12205,12198,12191,12183,12174,12165,12155,12145,12136,12126,12116,12107,12099,12092,12085,12081,12079,12077,12077,12079,12082,12086,12092,12097,12108,12116,12130,12143,12157,12169,12179,12187,12193,12197,12199,12201,12201,12198,12192,12184,12176,12167,12158,12150,12144,12137,12129,12124,12114,12106,12102,12101,12106,12113,12122,12133,12144,12152,12157,12157,12153,12145,12131,12114,12093,12071,12048,12025,12001,11977,11951,11927,11899,11872,11845,11822,11802,11787,11778,11774,11776,11783,11796,11814,11838
11896,11904,11916,11930,11947,11968,11990,12013,12037,12064,12089,12110,12129,12148,12167,12183,12196,12207,12214,12220,12227,12232,12235,12237,12236,12235,12232,12227,12221,12214,12207,12198,12190,12180,12171,12161,12151,12141,12132,12123,12115,12108,12103,12100,12098,12096,12097,12098,12100,12105,12111,12120,12129,12143,12158,12174,12186,12196,12205,12212,12217,12222,12226,12226,12224,12219,12212,12203,12193,12181,12170,12159,12148,12140,12131,12124,12111,12103,12097,12097,12101,12110,12121,12132,12144,12153,12160,12163,12162,12156,12145,12129,12111,12090,12068,12046,12024,12002,11978,11957,11931,11907,11883,11861,11843,11829,11821,11818,11821,11831,11846,11868,11894
11938,11948,11961,11977,11996,12018,12039,12065,12092,12116,12137,12156,12171,12186,12199,12212,12222,12229,12235,12242,12247,12250,12251,12251,12251,12249,12245,12240,12234,12227,12220,12212,12203,12194,12185,12175,12165,12156,12146,12138,12131,12125,12120,12117,12114,12112,12112,12111,12115,12117,12124,12135,12150,12167,12183,12197,12207,12217,12227,12235,12242,12247,12249,12248,12246,12241,12234,12223,12211,12197,12184,12170,12157,12146,12137,12129,12116,12107,12100,12098,12106,12111,12125,12136,12146,12156,12163,12168,12169,12166,12158,12145,12128,12109,12087,12066,12045,12025,12004,11983,11961,11941,11921,11903,11887,11876,11869,11868,11874,11886,11904,11927,11954
11984,11996,12010,12028,12047,12069,12095,12120,12142,12162,12179,12193,12204,12216,12227,12235,12242,12249,12255,12259,12262,12263,12264,12263,12261,12258,12254,12249,12244,12238,12231,12223,12215,12206,12197,12188,12178,12169,12160,12153,12146,12141,12136,12131,12127,12125,12123,12122,12123,12126,12137,12151,12168,12185,12202,12215,12228,12240,12250,12258,12264,12269,12271,12270,12268,12263,12256,12245,12232,12216,12201,12185,12170,12156,12145,12136,12128,12117,12110,12109,12114,12121,12133,12146,12155,12163,12169,12174,12176,12174,12168,12158,12143,12125,12105,12085,12066,12047,12030,12012,11993,11976,11959,11944,11932,11924,11921,11923,11931,11945,11963,11986,12011
12036,12049,12064,12081,12104,12128,12149,12168,12187,12201,12212,12222,12232,12242,12249,12255,12262,12267,12270,12272,12273,12273,12272,12270,12267,12264,12260,12255,12250,12245,12239,12232,12225,12217,12209,12200,12191,12183,12175,12168,12163,12157,12151,12145,12139,12135,12131,12128,12128,12135,12147,12162,12180,12199,12218,12232,12246,12260,12270,12279,12285,12290,12293,12293,12291,12286,12278,12268,12254,12239,12222,12205,12188,12172,12159,12148,12140,12134,12129,12127,12133,12136,12147,12160,12166,12172,12177,12181,12184,12182,12178,12170,12157,12141,12123,12104,12085,12068,12052,12037,12023,12009,11997,11986,11978,11974,11974,11979,11988,12002,12019,12041,12066
12094,12106,12123,12143,12162,12180,12196,12210,12222,12231,12240,12249,12257,12262,12268,12274,12278,12280,12281,12281,12280,12279,12277,12273,12269,12265,12262,12259,12255,12251,12246,12240,12234,12226,12219,12211,12204,12197,12190,12184,12178,12172,12165,12157,12150,12143,12136,12131,12135,12142,12157,12178,12195,12215,12233,12249,12262,12274,12288,12296,12305,12312,12316,12316,12314,12310,12303,12292,12279,12264,12246,12228,12210,12194,12179,12167,12157,12151,12148,12146,12151,12154,12165,12173,12179,12184,12189,12191,12192,12191,12187,12180,12169,12155,12138,12121,12103,12087,12073,12061,12049,12040,12031,12025,12021,12020,12022,12028,12038,12053,12072,12094,12119
12156,12170,12186,12199,12211,12223,12233,12243,12251,12259,12266,12272,12277,12282,12286,12289,12290,12290,12288,12286,12284,12281,12277,12272,12268,12265,12263,12260,12258,12255,12251,12247,12241,12235,12228,12222,12216,12210,12205,12199,12193,12185,12177,12168,12159,12150,12141,12136,12139,12150,12167,12187,12209,12229,12247,12264,12278,12290,12303,12311,12320,12328,12333,12335,12334,12331,12325,12316,12305,12291,12273,12255,12237,12220,12205,12191,12182,12174,12170,12169,12174,12178,12185,12190,12195,12199,12202,12203,12202,12200,12196,12190,12181,12168,12153,12137,12121,12106,12093,12082,12073,12066,12061,12057,12056,12058,12064,12073,12086,12102,12122,12144,12169
12220,12228,12235,12243,12250,12259,12267,12272,12278,12283,12288,12293,12297,12299,12300,12299,12298,12295,12292,12289,12285,12279,12274,12269,12266,12264,12263,12262,12261,12259,12256,12252,12247,12242,12237,12232,12227,12222,12218,12212,12206,12198,12190,12179,12169,12159,12147,12141,12147,12161,12181,12203,12223,12242,12261,12277,12291,12305,12316,12326,12336,12344,12350,12353,12353,12351,12345,12338,12328,12316,12301,12284,12267,12249,12234,12221,12211,12203,12198,12197,12200,12198,12207,12210,12214,12216,12217,12216,12215,12211,12206,12200,12191,12180,12166,12152,12137,12123,12111,12102,12094,12090,12087,12088,12090,12096,12105,12117,12131,12149,12169,12192,12214
12270,12273,12277,12282,12287,12292,12295,12300,12303,12307,12310,12312,12312,12311,12309,12306,12302,12298,12294,12288,12281,12275,12269,12266,12265,12266,12266,12266,12266,12264,12262,12259,12255,12250,12246,12242,12238,12234,12229,12224,12218,12211,12202,12192,12181,12169,12158,12154,12162,12180,12200,12217,12239,12257,12275,12290,12304,12318,12329,12342,12349,12359,12365,12369,12370,12369,12365,12359,12350,12339,12327,12313,12297,12281,12266,12253,12242,12235,12229,12228,12229,12226,12232,12232,12233,12235,12234,12232,12228,12223,12217,12210,12201,12191,12179,12166,12152,12140,12130,12122,12117,12115,12116,12119,12125,12133,12144,12157,12173,12193,12214,12233,12250
12310,12311,12314,12317,12319,12321,12324,12326,12328,12329,12328,12327,12324,12320,12315,12310,12305,12299,12293,12285,12276,12269,12267,12266,12268,12270,12271,12271,12271,12271,12269,12267,12263,12260,12256,12252,12249,12245,12241,12236,12230,12223,12216,12206,12196,12185,12174,12174,12182,12199,12218,12235,12256,12272,12288,12303,12316,12330,12343,12358,12364,12376,12381,12385,12387,12386,12383,12377,12370,12361,12350,12337,12324,12311,12297,12285,12274,12266,12261,12257,12254,12254,12256,12255,12255,12254,12252,12249,12243,12236,12229,12221,12211,12201,12191,12179,12168,12158,12149,12144,12142,12142,12145,12150,12158,12167,12180,12197,12216,12234,12251,12266,12283
12343,12345,12346,12347,12348,12349,12349,12349,12347,12345,12342,12338,12332,12326,12319,12313,12305,12298,12289,12279,12271,12267,12267,12269,12272,12274,12275,12276,12277,12277,12276,12275,12272,12270,12266,12263,12260,12257,12253,12249,12243,12237,12230,12220,12212,12204,12197,12198,12205,12219,12235,12251,12271,12285,12299,12314,12329,12343,12358,12372,12377,12390,12396,12400,12402,12402,12399,12396,12390,12382,12372,12361,12349,12337,12325,12314,12304,12296,12290,12284,12281,12281,12280,12278,12275,12274,12271,12266,12258,12249,12240,12231,12222,12212,12202,12192,12183,12175,12169,12166,12165,12167,12172,12179,12189,12202,12219,12236,12251,12266,12280,12295,12308
12377,12376,12376,12375,12375,12373,12371,12367,12363,12359,12353,12346,12339,12330,12322,12313,12305,12294,12284,12275,12269,12269,12270,12272,12275,12277,12279,12281,12282,12283,12283,12282,12280,12278,12275,12273,12270,12267,12265,12261,12257,12251,12244,12236,12229,12222,12218,12220,12226,12236,12253,12267,12284,12300,12312,12326,12340,12356,12368,12385,12389,12403,12409,12413,12414,12415,12415,12413,12409,12403,12395,12386,12376,12364,12353,12341,12330,12321,12313,12309,12305,12305,12304,12299,12295,12292,12288,12282,12273,12262,12251,12241,12231,12221,12212,12204,12196,12191,12187,12186,12187,12192,12199,12210,12223,12237,12251,12266,12280,12292,12305,12316,12326
12406,12404,12402,12399,12395,12391,12387,12383,12377,12371,12363,12354,12344,12334,12324,12313,12302,12290,12279,12272,12271,12272,12274,12277,12279,12281,12283,12285,12288,12290,12290,12289,12287,12285,12283,12281,12279,12277,12275,12272,12268,12264,12258,12252,12245,12240,12238,12240,12245,12252,12269,12283,12299,12310,12322,12336,12348,12367,12377,12394,12401,12414,12420,12423,12426,12428,12429,12428,12426,12421,12415,12407,12398,12389,12378,12368,12357,12347,12339,12331,12327,12324,12322,12320,12314,12309,12303,12296,12288,12276,12264,12251,12240,12230,12222,12214,12209,12205,12203,12205,12209,12216,12227,12239,12253,12265,12278,12291,12301,12313,12324,12332,12336
12434,12428,12423,12418,12414,12409,12403,12397,12389,12380,12370,12360,12348,12336,12324,12312,12299,12286,12276,12272,12274,12276,12279,12281,12283,12285,12287,12290,12293,12295,12295,12293,12292,12290,12289,12287,12286,12285,12284,12282,12279,12276,12271,12266,12261,12257,12255,12257,12264,12270,12286,12297,12310,12322,12331,12345,12357,12376,12387,12403,12411,12425,12429,12433,12436,12439,12442,12442,12441,12439,12434,12428,12420,12411,12402,12393,12383,12373,12364,12355,12348,12343,12338,12335,12334,12331,12326,12315,12302,12289,12275,12262,12249,12239,12230,12224,12219,12218,12219,12224,12232,12242,12255,12267,12278,12288,12300,12310,12318,12333,12337,12335,12342
12454,12447,12442,12437,12431,12424,12417,12409,12400,12389,12378,12365,12352,12338,12324,12310,12296,12284,12275,12274,12277,12281,12284,12286,12287,12288,12291,12294,12297,12298,12298,12297,12296,12295,12295,12294,12294,12294,12293,12291,12289,12286,12282,12278,12275,12272,12272,12274,12282,12287,12299,12310,12320,12331,12339,12353,12366,12382,12395,12411,12420,12432,12436,12441,12444,12452,12462,12465,12462,12458,12451,12446,12440,12433,12425,12416,12408,12399,12389,12380,12372,12364,12356,12351,12347,12344,12340,12334,12323,12307,12290,12275,12261,12250,12241,12235,12232,12233,12238,12246,12254,12267,12279,12288,12297,12306,12316,12326,12335,12344,12332,12338,12351
12470,12465,12459,12452,12445,12438,12430,12420,12409,12398,12385,12371,12356,12340,12324,12309,12295,12283,12276,12277,12281,12285,12288,12290,12291,12292,12295,12298,12299,12301,12300,12299,12300,12300,12301,12301,12301,12301,12301,12301,12299,12297,12294,12291,12289,12288,12289,12291,12297,12304,12312,12323,12330,12339,12346,12361,12375,12390,12403,12419,12429,12439,12442,12448,12453,12464,12473,12474,12475,12474,12471,12464,12457,12451,12443,12435,12428,12420,12413,12404,12396,12388,12378,12370,12364,12358,12352,12344,12334,12322,12306,12290,12274,12262,12252,12247,12246,12250,12257,12266,12284,12292,12297,12304,12313,12321,12327,12331,12344,12338,12330,12342,12355
12486,12479,12473,12466,12458,12450,12440,12430,12419,12406,12392,12376,12360,12342,12325,12309,12295,12285,12280,12281,12285,12289,12292,12294,12295,12295,12298,12300,12301,12301,12301,12301,12302,12304,12305,12307,12308,12309,12309,12309,12309,12308,12306,12304,12303,12302,12304,12307,12312,12318,12324,12333,12339,12346,12353,12368,12382,12397,12411,12426,12437,12443,12447,12456,12462,12475,12478,12477,12477,12476,12477,12477,12474,12468,12462,12455,12448,12440,12430,12422,12415,12407,12397,12388,12382,12375,12369,12360,12349,12336,12322,12306,12292,12280,12271,12268,12268,12273,12281,12292,12300,12303,12309,12317,12323,12328,12333,12337,12339,12325,12331,12341,12356
12499,12492,12485,12477,12469,12460,12450,12439,12426,12413,12399,12382,12365,12345,12327,12311,12297,12288,12285,12287,12290,12294,12297,12298,12298,12299,12300,12300,12301,12301,12302,12302,12304,12307,12310,12313,12315,12317,12319,12320,12320,12319,12318,12317,12317,12318,12319,12322,12326,12331,12336,12342,12347,12353,12361,12375,12387,12402,12418,12433,12442,12449,12455,12462,12471,12478,12480,12483,12485,12485,12485,12481,12478,12474,12469,12464,12459,12454,12449,12440,12430,12422,12415,12408,12402,12395,12388,12378,12364,12350,12336,12322,12306,12295,12285,12280,12282,12288,12296,12305,12310,12314,12320,12324,12327,12331,12336,12337,12336,12327,12330,12340,12356
12510,12502,12495,12487,12478,12469,12458,12448,12435,12421,12406,12388,12369,12349,12331,12315,12302,12295,12293,12294,12298,12300,12301,12302,12301,12301,12301,12300,12300,12301,12302,12304,12307,12311,12316,12321,12325,12329,12332,12333,12334,12333,12333,12332,12331,12331,12333,12335,12339,12342,12347,12350,12355,12359,12368,12379,12394,12410,12426,12439,12448,12455,12461,12469,12476,12482,12486,12488,12489,12489,12488,12486,12484,12481,12477,12472,12467,12461,12457,12451,12442,12435,12429,12422,12416,12410,12402,12390,12377,12365,12352,12339,12325,12313,12305,12302,12303,12307,12314,12320,12321,12323,12323,12324,12328,12333,12338,12340,12339,12329,12330,12339,12357
12521,12512,12503,12495,12486,12478,12467,12456,12441,12428,12412,12395,12375,12355,12336,12321,12310,12303,12301,12302,12305,12306,12307,12306,12304,12303,12301,12300,12300,12301,12304,12308,12313,12320,12327,12334,12340,12344,12348,12351,12352,12352,12351,12350,12349,12349,12349,12350,12352,12354,12358,12358,12363,12367,12376,12386,12401,12416,12431,12445,12457,12462,12468,12475,12480,12486,12489,12490,12491,12490,12489,12487,12485,12483,12480,12476,12472,12467,12461,12455,12450,12443,12438,12431,12425,12419,12409,12398,12388,12378,12366,12354,12343,12333,12325,12320,12320,12322,12326,12326,12326,12323,12322,12323,12328,12334,12340,12341,12341,12333,12334,12341,12358
12529,12521,12510,12502,12492,12486,12480,12468,12449,12434,12419,12401,12382,12362,12344,12328,12318,12312,12310,12311,12313,12313,12312,12310,12307,12305,12302,12301,12301,12303,12308,12315,12323,12332,12341,12349,12357,12363,12368,12370,12372,12373,12372,12371,12370,12369,12368,12367,12368,12369,12370,12370,12372,12375,12384,12394,12408,12425,12440,12455,12464,12467,12473,12480,12484,12490,12491,12491,12491,12489,12488,12487,12485,12483,12480,12476,12473,12468,12464,12458,12455,12449,12445,12438,12431,12424,12416,12408,12400,12390,12380,12369,12359,12348,12339,12334,12332,12331,12331,12330,12327,12321,12319,12323,12329,12336,12342,12344,12344,12338,12338,12343,12359
12537,12529,12519,12509,12499,12489,12485,12477,12458,12443,12426,12409,12390,12372,12354,12339,12329,12323,12322,12321,12321,12320,12317,12313,12309,12306,12303,12302,12304,12309,12316,12326,12336,12346,12357,12366,12374,12381,12386,12390,12392,12394,12394,12393,12392,12391,12389,12387,12386,12385,12383,12383,12383,12387,12395,12405,12419,12435,12451,12463,12469,12472,12477,12484,12487,12491,12491,12490,12489,12488,12487,12485,12482,12479,12476,12473,12470,12467,12464,12459,12456,12451,12447,12439,12433,12427,12420,12413,12405,12397,12388,12379,12369,12360,12352,12345,12340,12338,12336,12332,12325,12320,12319,12324,12331,12338,12344,12347,12347,12343,12343,12346,12359
12544,12535,12529,12517,12507,12495,12485,12478,12470,12450,12434,12416,12400,12381,12363,12347,12337,12331,12330,12329,12328,12325,12321,12316,12312,12308,12305,12305,12309,12317,12327,12338,12349,12362,12373,12383,12391,12398,12404,12408,12411,12413,12414,12414,12413,12412,12410,12408,12406,12404,12401,12399,12399,12403,12411,12422,12434,12448,12461,12472,12475,12479,12482,12487,12490,12492,12491,12489,12487,12485,12483,12480,12477,12474,12471,12468,12466,12463,12461,12456,12453,12448,12445,12440,12435,12430,12424,12418,12412,12404,12396,12388,12379,12370,12362,12354,12349,12345,12339,12332,12325,12321,12321,12327,12334,12342,12347,12350,12351,12349,12349,12351,12359
12548,12542,12539,12528,12514,12504,12492,12477,12469,12460,12444,12426,12409,12392,12374,12358,12347,12341,12338,12336,12334,12330,12325,12320,12314,12310,12308,12311,12317,12327,12339,12351,12365,12378,12388,12398,12407,12414,12420,12424,12428,12430,12432,12432,12432,12432,12430,12428,12426,12424,12421,12420,12421,12424,12431,12439,12451,12462,12470,12480,12481,12485,12486,12490,12492,12492,12490,12486,12484,12481,12478,12474,12470,12466,12463,12461,12458,12456,12454,12450,12447,12444,12441,12438,12434,12430,12426,12421,12416,12410,12403,12395,12387,12379,12370,12362,12356,12349,12341,12332,12326,12324,12326,12332,12339,12346,12351,12354,12355,12355,12354,12357,12361
12553,12548,12543,12540,12525,12512,12501,12488,12474,12464,12450,12437,12421,12404,12388,12372,12359,12351,12346,12343,12340,12335,12329,12323,12317,12313,12314,12319,12327,12339,12352,12367,12381,12392,12403,12413,12421,12428,12434,12439,12443,12446,12448,12449,12450,12449,12449,12447,12446,12444,12443,12442,12443,12447,12452,12459,12465,12476,12483,12489,12489,12489,12491,12492,12492,12491,12488,12483,12480,12475,12470,12465,12459,12455,12452,12451,12449,12449,12447,12444,12442,12440,12438,12435,12433,12430,12427,12423,12419,12413,12408,12401,12394,12386,12377,12369,12361,12352,12342,12334,12331,12330,12333,12339,12346,12351,12355,12358,12360,12360,12361,12362,12365
12556,12548,12553,12555,12540,12519,12510,12498,12483,12469,12456,12447,12433,12418,12402,12386,12372,12362,12355,12350,12345,12339,12332,12326,12321,12319,12322,12328,12339,12352,12369,12384,12396,12407,12417,12426,12434,12442,12448,12453,12458,12461,12463,12465,12466,12466,12466,12465,12464,12463,12463,12463,12463,12466,12469,12474,12480,12487,12492,12495,12492,12489,12493,12493,12492,12489,12485,12480,12474,12468,12461,12453,12447,12444,12442,12440,12439,12439,12437,12435,12433,12432,12431,12430,12428,12425,12424,12422,12419,12416,12411,12406,12399,12391,12383,12374,12365,12355,12345,12339,12337,12336,12341,12348,12353,12357,12360,12362,12364,12366,12367,12368,12370
12558,12550,12560,12563,12549,12528,12518,12507,12493,12480,12467,12456,12443,12430,12416,12401,12387,12374,12365,12358,12351,12344,12337,12331,12327,12327,12331,12340,12353,12370,12386,12398,12410,12421,12430,12439,12447,12454,12460,12466,12470,12474,12476,12478,12480,12480,12480,12480,12480,12479,12479,12479,12480,12481,12484,12488,12493,12495,12501,12502,12510,12494,12492,12492,12490,12488,12482,12475,12468,12459,12449,12439,12432,12428,12425,12425,12427,12429,12431,12431,12428,12428,12428,12428,12428,12425,12423,12422,12419,12415,12412,12408,12402,12395,12387,12378,12368,12359,12351,12347,12345,12347,12352,12357,12361,12364,12366,12368,12371,12373,12375,12375,12378
12561,12557,12558,12560,12553,12536,12524,12514,12504,12492,12479,12468,12457,12444,12429,12415,12401,12387,12376,12367,12359,12351,12344,12339,12336,12337,12343,12355,12371,12387,12401,12413,12424,12433,12442,12450,12458,12466,12472,12477,12481,12485,12488,12490,12491,12492,12492,12493,12493,12492,12492,12492,12492,12493,12495,12498,12503,12504,12508,12505,12514,12503,12496,12492,12489,12485,12479,12471,12461,12449,12437,12425,12418,12414,12415,12418,12423,12428,12430,12431,12430,12432,12433,12432,12431,12429,12427,12425,12422,12418,12413,12408,12403,12397,12390,12382,12373,12366,12360,12357,12356,12359,12363,12368,12370,12372,12374,12377,12380,12381,12384,12385,12387
12563,12561,12557,12557,12555,12542,12531,12521,12513,12506,12495,12480,12467,12456,12444,12429,12413,12400,12389,12378,12369,12361,12354,12349,12348,12351,12360,12374,12390,12404,12415,12427,12436,12444,12452,12461,12469,12476,12482,12487,12491,12494,12497,12500,12501,12502,12502,12503,12503,12503,12503,12502,12502,12503,12505,12507,12510,12510,12514,12506,12520,12505,12500,12493,12489,12484,12477,12467,12455,12441,12427,12415,12408,12408,12411,12415,12422,12427,12431,12435,12438,12438,12433,12430,12428,12428,12427,12426,12424,12421,12416,12411,12406,12400,12394,12387,12380,12374,12369,12367,12369,12371,12374,12377,12379,12381,12383,12386,12389,12391,12394,12394,12397
12566,12565,12560,12554,12552,12544,12536,12526,12519,12515,12511,12503,12489,12469,12454,12442,12427,12412,12401,12391,12383,12375,12369,12365,12366,12371,12381,12395,12407,12419,12429,12438,12446,12454,12462,12471,12479,12485,12490,12495,12499,12503,12505,12507,12509,12510,12510,12511,12512,12512,12512,12511,12512,12512,12513,12513,12516,12514,12518,12504,12531,12506,12500,12493,12487,12481,12475,12464,12452,12436,12421,12408,12401,12400,12407,12413,12421,12426,12431,12434,12435,12434,12433,12431,12429,12429,12429,12430,12428,12424,12420,12415,12409,12403,12398,12392,12387,12382,12379,12379,12378,12380,12382,12384,12386,12389,12391,12394,12397,12400,12402,12403,12406
12574,12570,12563,12554,12547,12542,12535,12528,12523,12521,12517,12511,12503,12490,12470,12453,12441,12428,12414,12404,12397,12392,12387,12385,12387,12393,12402,12412,12423,12432,12441,12448,12455,12463,12472,12481,12487,12493,12498,12502,12506,12509,12512,12513,12515,12516,12517,12518,12519,12519,12519,12519,12518,12518,12519,12519,12520,12517,12519,12512,12524,12507,12499,12495,12488,12483,12475,12464,12451,12436,12419,12405,12396,12397,12404,12410,12419,12427,12433,12436,12438,12438,12437,12436,12434,12431,12429,12429,12429,12428,12425,12420,12414,12408,12402,12397,12393,12389,12387,12387,12388,12388,12389,12391,12393,12396,12399,12402,12405,12408,12410,12411,12413
12565,12563,12556,12547,12541,12539,12534,12529,12526,12522,12517,12507,12499,12492,12478,12463,12450,12440,12430,12419,12413,12407,12406,12405,12407,12412,12420,12428,12436,12444,12451,12457,12463,12472,12481,12488,12494,12499,12504,12508,12511,12514,12516,12518,12519,12520,12521,12522,12523,12524,12524,12524,12523,12523,12524,12522,12522,12519,12518,12509,12528,12513,12497,12496,12488,12480,12474,12466,12454,12439,12425,12411,12403,12402,12409,12417,12426,12434,12440,12443,12445,12446,12447,12446,12444,12442,12439,12435,12432,12430,12428,12424,12419,12413,12407,12402,12399,12397,12395,12394,12394,12394,12395,12396,12399,12402,12405,12408,12410,12413,12416,12417,12418
12554,12550,12546,12544,12540,12541,12535,12531,12528,12522,12518,12507,12497,12488,12479,12467,12458,12449,12442,12435,12429,12423,12422,12422,12424,12429,12434,12441,12447,12453,12459,12464,12472,12481,12488,12494,12500,12504,12509,12512,12515,12517,12519,12521,12522,12523,12524,12526,12527,12529,12528,12530,12528,12527,12526,12525,12523,12520,12519,12506,12518,12511,12499,12497,12489,12485,12471,12470,12459,12447,12434,12424,12417,12416,12422,12427,12435,12443,12446,12451,12454,12455,12456,12454,12452,12450,12448,12444,12438,12435,12431,12428,12423,12419,12413,12408,12404,12401,12399,12398,12398,12397,12398,12401,12404,12407,12410,12413,12416,12419,12422,12423,12424
12553,12551,12545,12544,12539,12543,12536,12533,12528,12521,12518,12510,12500,12491,12482,12473,12464,12457,12452,12446,12441,12438,12437,12436,12438,12441,12446,12452,12456,12461,12465,12471,12480,12487,12494,12499,12504,12508,12512,12515,12518,12519,12521,12523,12524,12525,12527,12529,12532,12534,12534,12531,12531,12530,12529,12526,12525,12521,12518,12509,12512,12506,12500,12499,12491,12487,12479,12474,12466,12457,12448,12440,12436,12434,12438,12443,12449,12454,12458,12461,12464,12465,12465,12464,12462,12460,12457,12452,12447,12443,12438,12433,12427,12423,12418,12413,12409,12405,12402,12401,12400,12400,12402,12405,12408,12412,12415,12418,12421,12423,12425,12426,12428
12553,12549,12543,12542,12537,12544,12538,12535,12527,12521,12517,12512,12505,12495,12486,12478,12471,12464,12460,12456,12453,12450,12449,12448,12450,12452,12456,12460,12463,12468,12471,12478,12486,12493,12498,12503,12507,12510,12514,12516,12519,12520,12522,12524,12525,12527,12530,12532,12534,12535,12534,12535,12534,12532,12530,12527,12524,12520,12517,12510,12506,12504,12503,12502,12494,12491,12487,12477,12476,12469,12464,12457,12456,12455,12456,12459,12463,12466,12469,12471,12472,12472,12471,12470,12468,12467,12465,12461,12457,12452,12446,12440,12433,12428,12423,12418,12414,12408,12404,12403,12400,12404,12406,12410,12413,12416,12419,12421,12424,12427,12428,12430,12431
12548,12548,12543,12539,12535,12542,12538,12534,12526,12521,12523,12517,12510,12499,12491,12484,12478,12472,12467,12464,12461,12459,12458,12458,12459,12462,12465,12467,12469,12472,12476,12484,12491,12497,12502,12506,12509,12512,12515,12517,12519,12520,12522,12523,12525,12528,12531,12533,12534,12532,12532,12536,12538,12537,12532,12528,12525,12521,12517,12511,12507,12505,12503,12503,12501,12495,12493,12488,12488,12483,12478,12473,12472,12473,12472,12475,12476,12478,12478,12479,12480,12480,12478,12476,12474,12472,12471,12470,12466,12461,12455,12448,12442,12436,12430,12424,12420,12415,12409,12406,12405,12408,12409,12415,12415,12418,12422,12424,12427,12429,12431,12432,12433
12546,12547,12539,12534,12532,12535,12533,12529,12523,12520,12519,12515,12508,12503,12496,12490,12484,12478,12474,12471,12469,12468,12467,12467,12468,12470,12471,12472,12474,12477,12482,12489,12495,12500,12504,12507,12510,12513,12516,12517,12518,12519,12521,12522,12524,12527,12531,12533,12531,12530,12530,12530,12532,12531,12529,12520,12518,12516,12515,12511,12507,12505,12503,12502,12502,12499,12497,12495,12492,12492,12490,12486,12482,12484,12483,12482,12484,12485,12486,12487,12487,12486,12483,12480,12478,12477,12476,12475,12472,12468,12463,12456,12450,12444,12439,12433,12427,12423,12416,12414,12411,12413,12414,12417,12418,12424,12424,12428,12431,12432,12433,12435,12436
12543,12543,12533,12531,12528,12528,12526,12524,12520,12518,12516,12510,12505,12505,12496,12493,12489,12484,12480,12477,12475,12474,12474,12473,12474,12475,12476,12477,12479,12481,12487,12494,12497,12502,12505,12508,12510,12513,12515,12517,12517,12518,12519,12520,12522,12528,12533,12536,12533,12531,12529,12526,12526,12529,12529,12526,12531,12521,12516,12510,12507,12505,12504,12502,12504,12501,12500,12500,12498,12498,12497,12494,12494,12492,12491,12492,12493,12493,12493,12493,12492,12490,12487,12484,12482,12481,12481,12480,12477,12473,12469,12464,12458,12453,12449,12442,12437,12432,12428,12423,12419,12419,12419,12422,12433,12433,12431,12432,12435,12435,12436,12437,12438
12537,12534,12531,12529,12526,12523,12521,12520,12518,12517,12512,12510,12505,12505,12502,12492,12493,12489,12486,12483,12485,12483,12484,12484,12486,12479,12480,12480,12482,12485,12492,12497,12499,12503,12505,12507,12509,12512,12513,12515,12515,12516,12518,12518,12524,12530,12535,12538,12536,12534,12529,12524,12523,12521,12521,12518,12519,12526,12522,12514,12508,12506,12504,12502,12503,12503,12499,12499,12499,12500,12502,12502,12501,12500,12499,12498,12498,12498,12497,12494,12493,12491,12490,12487,12486,12486,12486,12485,12484,12479,12475,12471,12466,12460,12457,12451,12446,12440,12436,12428,12425,12426,12425,12428,12427,12431,12435,12437,12439,12439,12439,12439,12440
12532,12530,12528,12526,12523,12521,12519,12519,12517,12515,12509,12509,12504,12504,12503,12491,12495,12492,12491,12486,12492,12485,12484,12484,12484,12493,12490,12490,12488,12490,12495,12498,12501,12503,12505,12507,12508,12511,12512,12512,12513,12515,12515,12517,12522,12528,12534,12537,12536,12534,12529,12523,12521,12520,12520,12518,12516,12521,12525,12518,12507,12507,12505,12504,12502,12501,12500,12500,12500,12501,12502,12502,12501,12502,12504,12503,12505,12504,12503,12494,12491,12491,12490,12489,12488,12488,12488,12487,12487,12484,12481,12477,12473,12470,12467,12463,12459,12449,12440,12435,12433,12434,12436,12436,12438,12440,12442,12443,12442,12442,12442,12442,12442
12529,12528,12526,12524,12521,12520,12517,12517,12515,12513,12509,12510,12504,12501,12498,12497,12497,12495,12495,12490,12488,12486,12487,12488,12487,12486,12487,12489,12491,12495,12497,12499,12501,12503,12504,12506,12508,12510,12511,12511,12511,12512,12512,12515,12520,12524,12532,12532,12530,12528,12525,12520,12518,12517,12517,12520,12521,12520,12515,12511,12508,12507,12505,12504,12503,12501,12501,12501,12501,12501,12501,12501,12504,12506,12507,12509,12510,12510,12509,12500,12493,12489,12488,12490,12492,12490,12491,12489,12488,12487,12485,12481,12478,12474,12469,12465,12461,12452,12446,12443,12441,12441,12442,12443,12444,12448,12450,12449,12448,12446,12445,12444,12443
12525,12526,12523,12521,12519,12517,12516,12516,12514,12512,12510,12509,12509,12505,12500,12499,12499,12496,12494,12492,12489,12489,12489,12489,12489,12489,12490,12490,12492,12495,12498,12500,12502,12503,12504,12505,12506,12508,12508,12509,12509,12510,12510,12512,12513,12518,12522,12522,12522,12524,12520,12516,12515,12513,12516,12523,12527,12521,12508,12512,12508,12506,12505,12503,12501,12501,12501,12500,12500,12501,12500,12502,12509,12516,12518,12519,12518,12519,12511,12503,12504,12494,12486,12492,12495,12492,12491,12491,12491,12489,12488,12485,12482,12478,12473,12469,12462,12458,12454,12451,12450,12448,12448,12447,12457,12454,12456,12455,12453,12450,12448,12446,12445
