11288,11291,11293,11296,11299,11302,11305,11308,11311,11314,11317,11320,11322,11325,11328,11331,11333,11336,11338,11341,11343,11345,11347,11349,11351,11352,11354,11355,11356,11357,11358,11358,11359,11359,11359,11359,11358,11358,11357,11357,11356,11355,11354,11353,11351,11350,11348,11346,11344,11343,11341,11338,11336,11334,11331,11328,11326,11323,11319,11316,11313,11309,11305,11301,11297,11293,11289,11284,11280,11275,11270,11264,11259,11254,11249,11243,11237,11232,11226,11220,11214,11207,11201,11195,11189,11184,11178,11172,11166,11157,11149,11144,11139,11132,11125,11118,11111,11104,11098,11091,11084,11077,11070,11064,11057,11050,11043,11037,11030,11023,11017,11010,11004
11286,11290,11293,11297,11300,11303,11307,11311,11314,11318,11321,11325,11328,11332,11335,11338,11341,11344,11348,11351,11353,11356,11358,11361,11363,11365,11367,11368,11370,11371,11372,11373,11373,11374,11374,11374,11374,11374,11374,11373,11372,11372,11371,11370,11368,11367,11365,11364,11362,11360,11358,11356,11354,11352,11350,11347,11344,11342,11339,11335,11332,11329,11325,11321,11318,11314,11309,11305,11300,11295,11290,11285,11280,11274,11269,11263,11257,11251,11245,11238,11232,11225,11219,11212,11206,11199,11193,11185,11178,11172,11167,11159,11151,11145,11138,11132,11126,11119,11112,11105,11099,11092,11086,11079,11073,11066,11060,11053,11047,11040,11034,11027,11021
11284,11288,11292,11296,11300,11305,11309,11313,11318,11322,11326,11330,11335,11339,11343,11347,11351,11354,11358,11362,11365,11368,11371,11374,11377,11379,11381,11383,11385,11387,11388,11389,11390,11391,11391,11391,11391,11391,11391,11390,11390,11389,11388,11387,11386,11385,11383,11382,11380,11378,11376,11374,11372,11370,11368,11365,11363,11360,11357,11354,11351,11348,11345,11341,11337,11333,11329,11325,11321,11316,11311,11305,11300,11294,11288,11282,11276,11270,11264,11257,11251,11243,11237,11230,11223,11217,11210,11204,11198,11190,11184,11178,11171,11165,11159,11152,11145,11138,11131,11124,11118,11111,11104,11098,11092,11086,11080,11074,11068,11062,11055,11049,11043
11280,11285,11290,11295,11300,11305,11310,11315,11320,11325,11330,11334,11339,11344,11348,11353,11357,11362,11366,11370,11374,11377,11380,11384,11387,11390,11392,11394,11397,11399,11400,11401,11403,11404,11404,11405,11405,11405,11405,11405,11404,11403,11403,11402,11401,11399,11398,11397,11395,11394,11392,11390,11388,11386,11384,11381,11379,11377,11374,11372,11369,11366,11363,11359,11355,11352,11347,11343,11338,11334,11329,11323,11318,11312,11306,11300,11294,11288,11282,11276,11269,11263,11257,11250,11243,11237,11231,11224,11217,11210,11204,11198,11191,11184,11178,11172,11165,11159,11153,11146,11140,11134,11128,11121,11115,11109,11103,11097,11091,11085,11079,11073,11067
11276,11282,11288,11293,11299,11305,11311,11316,11322,11328,11333,11339,11344,11349,11355,11360,11365,11370,11374,11379,11384,11387,11391,11395,11398,11402,11404,11407,11409,11411,11413,11415,11416,11417,11418,11419,11419,11419,11419,11419,11419,11419,11418,11417,11416,11415,11413,11412,11410,11409,11407,11405,11403,11401,11399,11397,11395,11393,11390,11388,11385,11382,11379,11376,11373,11369,11365,11361,11356,11352,11347,11342,11336,11331,11325,11319,11312,11306,11299,11293,11287,11281,11275,11269,11263,11257,11251,11245,11239,11233,11226,11220,11215,11208,11202,11196,11190,11183,11177,11170,11163,11156,11150,11144,11138,11132,11126,11121,11115,11109,11104,11099,11093
11272,11278,11285,11291,11298,11305,11311,11318,11324,11330,11336,11343,11348,11354,11360,11365,11371,11376,11381,11386,11391,11395,11399,11403,11407,11410,11413,11416,11419,11421,11423,11425,11427,11428,11429,11430,11431,11431,11431,11431,11431,11431,11430,11429,11429,11428,11427,11425,11424,11422,11421,11419,11418,11416,11414,11412,11410,11408,11405,11403,11400,11398,11395,11392,11388,11384,11381,11377,11372,11368,11363,11358,11352,11347,11341,11335,11330,11323,11318,11311,11306,11300,11294,11288,11282,11276,11269,11262,11256,11249,11242,11235,11229,11223,11217,11212,11206,11200,11194,11188,11183,11177,11172,11166,11160,11155,11150,11145,11140,11134,11129,11124,11120
11268,11275,11283,11290,11298,11305,11312,11319,11326,11333,11340,11347,11353,11359,11366,11372,11378,11383,11388,11394,11399,11404,11408,11412,11416,11420,11423,11426,11429,11431,11434,11436,11438,11439,11440,11441,11442,11443,11443,11443,11443,11443,11443,11442,11441,11440,11439,11438,11437,11435,11434,11433,11431,11429,11428,11426,11424,11422,11419,11417,11414,11412,11408,11405,11402,11398,11395,11391,11387,11383,11378,11373,11368,11363,11358,11352,11346,11340,11334,11328,11322,11315,11309,11303,11297,11290,11284,11278,11271,11265,11259,11253,11247,11242,11236,11231,11225,11219,11214,11208,11203,11197,11192,11187,11182,11177,11172,11168,11163,11159,11154,11150,11146
11264,11272,11281,11289,11297,11306,11313,11322,11329,11337,11344,11351,11358,11364,11371,11377,11384,11389,11395,11400,11406,11410,11415,11419,11423,11427,11431,11434,11437,11439,11442,11444,11446,11448,11449,11450,11451,11452,11453,11453,11453,11453,11453,11453,11452,11451,11450,11450,11449,11447,11446,11445,11444,11442,11440,11439,11437,11435,11432,11430,11427,11424,11421,11418,11415,11411,11407,11403,11399,11395,11391,11386,11381,11376,11371,11366,11360,11354,11348,11343,11337,11330,11324,11317,11312,11306,11300,11293,11287,11282,11276,11270,11264,11259,11253,11247,11242,11236,11231,11226,11220,11216,11211,11206,11202,11198,11194,11190,11186,11182,11178,11174,11170
11263,11272,11281,11290,11299,11308,11316,11325,11333,11341,11349,11356,11363,11370,11377,11384,11390,11396,11402,11408,11413,11418,11423,11427,11431,11435,11439,11442,11445,11448,11450,11452,11455,11457,11458,11459,11461,11462,11462,11463,11463,11464,11464,11464,11463,11463,11462,11461,11461,11460,11459,11458,11456,11455,11453,11452,11449,11447,11445,11442,11439,11436,11433,11430,11426,11422,11418,11414,11410,11406,11401,11397,11392,11387,11382,11377,11372,11366,11360,11355,11349,11343,11337,11331,11325,11320,11314,11308,11302,11296,11291,11286,11280,11275,11269,11264,11258,11253,11248,11243,11238,11233,11229,11225,11221,11217,11213,11210,11206,11203,11199,11196,11192
11262,11272,11282,11292,11301,11311,11320,11329,11337,11346,11354,11362,11369,11376,11383,11390,11397,11403,11409,11415,11420,11425,11429,11434,11438,11441,11445,11448,11451,11454,11456,11459,11461,11463,11465,11466,11468,11469,11470,11471,11472,11472,11473,11473,11473,11473,11473,11472,11472,11472,11471,11470,11469,11468,11466,11465,11462,11460,11457,11454,11451,11448,11445,11441,11437,11433,11428,11424,11419,11415,11410,11406,11401,11396,11391,11386,11381,11376,11371,11365,11360,11355,11350,11344,11338,11332,11327,11322,11316,11311,11305,11300,11295,11289,11284,11279,11273,11268,11263,11258,11254,11249,11245,11241,11237,11234,11231,11227,11224,11221,11218,11215,11212
11265,11275,11285,11295,11305,11315,11325,11334,11343,11351,11360,11368,11376,11384,11391,11398,11405,11411,11418,11423,11429,11434,11438,11442,11445,11449,11452,11455,11457,11460,11462,11465,11467,11469,11471,11473,11475,11476,11477,11478,11479,11480,11481,11481,11482,11482,11483,11483,11483,11483,11482,11482,11481,11480,11479,11477,11475,11472,11470,11467,11463,11459,11455,11451,11447,11442,11438,11433,11428,11423,11418,11413,11408,11403,11398,11393,11388,11383,11378,11373,11368,11363,11358,11353,11348,11344,11338,11332,11327,11323,11317,11312,11307,11302,11297,11291,11286,11281,11276,11272,11267,11263,11259,11255,11252,11248,11245,11242,11239,11237,11234,11232,11229
11268,11279,11289,11300,11311,11320,11330,11340,11349,11358,11367,11375,11383,11391,11399,11406,11413,11419,11425,11431,11436,11440,11444,11448,11452,11455,11458,11460,11463,11465,11467,11469,11471,11474,11476,11477,11479,11481,11482,11483,11485,11486,11487,11488,11489,11490,11491,11492,11492,11492,11493,11492,11492,11491,11490,11489,11487,11485,11482,11479,11475,11471,11467,11462,11457,11452,11447,11442,11436,11431,11426,11420,11414,11409,11404,11399,11394,11389,11384,11379,11375,11370,11365,11361,11356,11351,11346,11342,11337,11332,11327,11322,11317,11312,11307,11302,11297,11293,11288,11283,11279,11275,11271,11267,11264,11261,11258,11255,11252,11250,11247,11245,11244
11273,11284,11295,11306,11317,11327,11337,11347,11356,11365,11374,11383,11391,11399,11407,11414,11421,11428,11434,11440,11445,11449,11453,11456,11459,11461,11464,11466,11468,11470,11472,11474,11476,11477,11479,11481,11483,11484,11486,11487,11489,11490,11492,11493,11495,11496,11497,11499,11500,11500,11501,11501,11502,11502,11501,11500,11499,11497,11494,11491,11487,11483,11478,11473,11468,11462,11457,11450,11444,11438,11432,11427,11421,11415,11410,11404,11399,11394,11389,11384,11380,11375,11371,11366,11362,11358,11353,11348,11344,11339,11335,11330,11326,11321,11317,11312,11307,11302,11298,11294,11289,11285,11282,11278,11274,11270,11267,11265,11262,11260,11258,11256,11255
11280,11291,11303,11313,11323,11334,11344,11354,11363,11373,11382,11391,11399,11408,11416,11423,11430,11437,11442,11447,11452,11456,11459,11462,11465,11468,11470,11472,11474,11475,11476,11478,11479,11481,11482,11484,11485,11487,11488,11490,11492,11494,11495,11497,11499,11501,11503,11505,11507,11508,11509,11510,11511,11512,11512,11512,11510,11509,11507,11504,11500,11496,11491,11486,11480,11473,11467,11461,11454,11447,11440,11433,11427,11421,11415,11409,11403,11398,11393,11388,11384,11379,11375,11371,11367,11363,11359,11355,11351,11346,11342,11337,11333,11328,11324,11320,11315,11311,11306,11302,11297,11293,11289,11285,11282,11278,11275,11272,11269,11267,11265,11263,11262
11287,11298,11308,11319,11330,11341,11351,11361,11371,11381,11390,11400,11408,11417,11425,11432,11439,11446,11452,11458,11463,11467,11470,11473,11475,11476,11477,11479,11479,11480,11481,11482,11482,11484,11485,11486,11488,11489,11491,11493,11495,11497,11499,11502,11504,11506,11508,11511,11513,11516,11518,11520,11521,11522,11523,11523,11522,11521,11519,11516,11513,11510,11505,11499,11493,11486,11479,11471,11464,11456,11449,11442,11435,11428,11421,11414,11408,11402,11397,11392,11387,11383,11379,11376,11372,11369,11365,11361,11358,11353,11349,11345,11342,11337,11332,11328,11322,11318,11313,11308,11303,11299,11294,11290,11285,11281,11278,11274,11272,11270,11269,11268,11268
11294,11305,11316,11326,11336,11347,11357,11368,11379,11389,11399,11409,11418,11427,11436,11443,11451,11457,11463,11468,11473,11476,11480,11482,11484,11485,11485,11486,11486,11485,11485,11485,11486,11486,11487,11488,11489,11491,11493,11495,11498,11501,11503,11506,11509,11512,11515,11518,11522,11525,11528,11530,11532,11534,11535,11535,11535,11534,11533,11531,11528,11524,11519,11514,11508,11501,11493,11485,11477,11468,11459,11451,11443,11435,11428,11420,11414,11407,11401,11395,11391,11387,11383,11380,11377,11374,11370,11367,11364,11360,11356,11352,11348,11343,11339,11334,11328,11323,11318,11313,11307,11302,11297,11292,11287,11282,11278,11274,11273,11270,11270,11270,11271
11300,11310,11321,11332,11342,11353,11364,11375,11386,11397,11407,11418,11428,11437,11446,11455,11462,11469,11476,11481,11486,11489,11492,11494,11494,11494,11494,11493,11491,11490,11490,11489,11489,11489,11489,11490,11492,11493,11496,11498,11501,11504,11507,11511,11514,11518,11522,11526,11529,11533,11536,11539,11542,11544,11545,11546,11546,11546,11545,11544,11541,11538,11534,11529,11523,11517,11509,11500,11491,11482,11472,11463,11454,11445,11437,11428,11420,11413,11406,11400,11395,11390,11387,11384,11381,11378,11376,11373,11370,11366,11363,11358,11355,11350,11345,11339,11334,11328,11322,11316,11310,11304,11298,11292,11287,11281,11276,11274,11269,11271,11270,11272,11273
11304,11315,11326,11336,11347,11358,11370,11382,11393,11405,11417,11428,11439,11449,11459,11468,11476,11483,11489,11494,11499,11502,11504,11505,11504,11503,11501,11500,11498,11496,11494,11493,11492,11492,11492,11492,11494,11495,11498,11500,11504,11508,11510,11514,11519,11523,11528,11533,11537,11541,11545,11548,11551,11554,11556,11558,11559,11560,11560,11559,11557,11554,11550,11545,11540,11533,11526,11517,11508,11498,11487,11477,11467,11456,11447,11437,11428,11419,11412,11405,11399,11394,11391,11388,11385,11383,11381,11378,11375,11372,11369,11364,11360,11355,11349,11343,11337,11331,11324,11317,11311,11304,11297,11292,11285,11281,11274,11275,11271,11271,11272,11274,11278
11308,11318,11329,11340,11351,11363,11376,11388,11401,11414,11427,11439,11451,11462,11473,11482,11491,11498,11505,11510,11514,11516,11517,11517,11516,11513,11511,11508,11505,11502,11499,11497,11496,11495,11494,11495,11496,11498,11500,11503,11506,11509,11513,11518,11523,11528,11534,11539,11544,11549,11554,11558,11562,11566,11569,11572,11574,11575,11576,11575,11574,11572,11568,11564,11558,11551,11544,11535,11526,11516,11505,11493,11482,11470,11459,11449,11438,11429,11420,11412,11405,11400,11395,11392,11390,11388,11386,11384,11381,11377,11374,11369,11364,11359,11353,11347,11340,11333,11325,11318,11311,11304,11297,11291,11285,11281,11274,11273,11273,11272,11276,11279,11284
11310,11321,11331,11343,11355,11369,11382,11396,11410,11424,11438,11452,11465,11478,11489,11499,11508,11516,11522,11527,11530,11530,11532,11531,11528,11525,11520,11516,11512,11508,11504,11501,11498,11497,11496,11496,11497,11499,11502,11505,11509,11512,11518,11523,11529,11536,11542,11547,11554,11560,11566,11572,11577,11582,11586,11590,11593,11594,11595,11595,11594,11591,11588,11583,11578,11572,11564,11555,11545,11535,11523,11511,11498,11486,11473,11461,11450,11440,11430,11421,11413,11406,11401,11397,11394,11392,11390,11388,11386,11382,11378,11373,11368,11361,11355,11348,11341,11333,11325,11318,11310,11303,11296,11291,11286,11282,11280,11277,11278,11277,11282,11286,11292
11312,11323,11335,11347,11361,11375,11390,11406,11421,11437,11452,11467,11482,11495,11508,11519,11528,11536,11541,11546,11548,11549,11549,11547,11543,11539,11532,11528,11521,11515,11510,11506,11502,11499,11498,11497,11498,11501,11503,11507,11510,11514,11520,11526,11533,11541,11549,11557,11565,11572,11580,11588,11594,11601,11606,11611,11614,11616,11618,11618,11617,11615,11611,11606,11600,11593,11585,11576,11566,11555,11543,11530,11517,11504,11490,11476,11464,11452,11441,11431,11422,11414,11408,11404,11400,11397,11395,11392,11389,11386,11381,11375,11369,11363,11356,11349,11341,11333,11325,11317,11310,11303,11297,11292,11288,11285,11284,11283,11284,11285,11290,11296,11303
11315,11327,11339,11353,11369,11384,11401,11418,11435,11452,11469,11485,11501,11515,11529,11540,11549,11558,11564,11568,11570,11570,11568,11564,11559,11553,11546,11539,11531,11524,11517,11511,11506,11502,11500,11499,11499,11501,11505,11508,11513,11519,11527,11534,11542,11551,11559,11568,11578,11588,11597,11606,11614,11622,11629,11634,11638,11641,11643,11643,11642,11640,11636,11631,11624,11617,11609,11599,11588,11576,11564,11551,11537,11522,11508,11493,11479,11466,11454,11443,11432,11424,11417,11411,11406,11402,11400,11396,11393,11388,11383,11377,11370,11363,11356,11348,11341,11333,11325,11317,11311,11305,11300,11295,11293,11291,11291,11291,11293,11298,11302,11309,11317
11319,11332,11346,11361,11378,11396,11414,11433,11452,11471,11489,11507,11524,11539,11553,11565,11575,11583,11589,11592,11593,11592,11588,11583,11577,11569,11561,11551,11541,11532,11524,11516,11510,11505,11502,11500,11501,11502,11506,11510,11515,11521,11529,11537,11547,11559,11571,11582,11593,11605,11616,11626,11636,11644,11653,11659,11664,11668,11670,11671,11670,11668,11664,11658,11651,11643,11634,11623,11612,11599,11586,11572,11558,11542,11527,11511,11496,11481,11468,11455,11444,11434,11426,11419,11413,11408,11404,11400,11395,11390,11384,11377,11370,11362,11356,11348,11340,11333,11326,11319,11313,11308,11304,11301,11299,11298,11299,11302,11305,11310,11317,11325,11333
11324,11339,11354,11372,11390,11410,11430,11451,11472,11493,11513,11532,11550,11566,11580,11593,11603,11611,11616,11619,11618,11616,11611,11604,11596,11586,11575,11564,11552,11541,11531,11521,11514,11508,11504,11502,11502,11504,11507,11512,11519,11527,11536,11547,11558,11569,11582,11596,11609,11622,11635,11648,11659,11669,11678,11686,11691,11696,11698,11700,11698,11696,11692,11686,11678,11670,11660,11649,11637,11623,11609,11594,11578,11563,11547,11530,11514,11498,11483,11469,11456,11445,11435,11427,11420,11414,11408,11404,11398,11391,11385,11377,11370,11362,11356,11348,11340,11334,11327,11321,11316,11313,11310,11308,11308,11309,11311,11315,11320,11326,11334,11343,11353
11333,11349,11366,11386,11407,11429,11452,11475,11497,11519,11540,11560,11578,11596,11611,11623,11633,11641,11645,11647,11646,11643,11636,11627,11616,11604,11592,11578,11565,11551,11539,11528,11519,11512,11507,11504,11504,11506,11509,11514,11521,11529,11539,11551,11564,11578,11594,11609,11626,11640,11655,11669,11682,11693,11704,11713,11720,11725,11728,11729,11728,11726,11721,11715,11707,11697,11686,11674,11661,11648,11633,11617,11601,11584,11567,11550,11533,11516,11499,11484,11470,11457,11446,11436,11427,11420,11413,11407,11400,11393,11386,11378,11371,11363,11356,11349,11342,11335,11330,11326,11322,11319,11318,11318,11319,11321,11325,11330,11336,11344,11353,11363,11375
11346,11364,11384,11405,11428,11452,11477,11501,11526,11549,11571,11592,11611,11628,11644,11657,11666,11673,11677,11678,11676,11671,11662,11652,11638,11624,11609,11593,11577,11562,11548,11535,11524,11516,11510,11507,11506,11508,11512,11518,11525,11535,11547,11560,11574,11589,11605,11623,11640,11657,11673,11688,11703,11717,11729,11739,11747,11753,11757,11759,11758,11755,11751,11744,11736,11726,11714,11701,11687,11671,11656,11639,11623,11605,11588,11570,11551,11533,11516,11499,11484,11469,11457,11445,11435,11426,11418,11411,11403,11395,11387,11379,11371,11364,11357,11350,11345,11339,11334,11331,11329,11328,11328,11329,11332,11335,11341,11347,11355,11363,11374,11385,11398
11364,11384,11406,11429,11454,11480,11506,11532,11558,11583,11606,11628,11647,11664,11680,11692,11702,11708,11711,11711,11707,11700,11690,11677,11662,11645,11627,11609,11591,11573,11558,11543,11531,11521,11514,11510,11509,11511,11515,11521,11529,11539,11552,11565,11581,11598,11617,11636,11656,11674,11691,11707,11721,11736,11751,11763,11773,11781,11786,11788,11787,11785,11780,11772,11764,11753,11741,11727,11712,11696,11679,11662,11644,11626,11608,11589,11571,11552,11533,11515,11498,11483,11468,11456,11444,11433,11424,11415,11407,11398,11389,11381,11373,11366,11359,11353,11348,11344,11341,11339,11338,11338,11339,11342,11346,11351,11358,11365,11374,11385,11396,11410,11424
11387,11409,11433,11458,11485,11512,11539,11566,11593,11619,11644,11666,11686,11704,11718,11730,11740,11746,11748,11746,11740,11731,11718,11703,11686,11667,11647,11626,11606,11586,11568,11552,11538,11527,11519,11514,11513,11514,11518,11524,11533,11543,11557,11572,11590,11608,11627,11646,11664,11688,11710,11728,11742,11756,11772,11785,11797,11807,11813,11816,11816,11814,11808,11801,11792,11781,11767,11752,11736,11720,11702,11684,11666,11647,11628,11608,11589,11570,11551,11532,11514,11497,11481,11467,11454,11442,11431,11421,11411,11402,11393,11384,11376,11369,11363,11358,11354,11351,11349,11348,11348,11350,11353,11357,11362,11369,11377,11386,11396,11408,11422,11437,11453
11415,11439,11465,11492,11520,11549,11577,11605,11633,11660,11684,11707,11728,11746,11760,11772,11780,11784,11785,11781,11774,11763,11748,11730,11711,11690,11667,11644,11621,11599,11579,11561,11546,11534,11525,11520,11517,11518,11521,11528,11536,11547,11561,11578,11594,11614,11636,11657,11678,11701,11721,11747,11765,11780,11793,11807,11820,11831,11838,11843,11844,11842,11837,11830,11820,11807,11793,11777,11760,11743,11725,11706,11687,11667,11648,11628,11608,11588,11569,11549,11530,11512,11495,11479,11465,11452,11439,11428,11417,11408,11398,11389,11381,11375,11369,11365,11361,11359,11359,11360,11361,11364,11368,11373,11380,11388,11398,11408,11421,11435,11450,11467,11485
11449,11474,11501,11530,11560,11589,11619,11648,11677,11704,11729,11752,11772,11789,11803,11813,11819,11822,11821,11816,11807,11795,11778,11759,11736,11713,11688,11662,11637,11613,11591,11571,11555,11541,11531,11525,11522,11522,11525,11531,11540,11551,11566,11581,11601,11620,11642,11664,11686,11707,11736,11756,11782,11802,11816,11830,11842,11854,11863,11869,11871,11869,11865,11857,11847,11834,11818,11802,11784,11766,11747,11728,11708,11688,11668,11647,11627,11607,11586,11567,11547,11529,11510,11493,11478,11463,11449,11437,11425,11415,11405,11397,11389,11383,11377,11374,11371,11370,11371,11373,11376,11380,11385,11392,11400,11410,11421,11434,11448,11464,11482,11501,11522
11486,11514,11543,11573,11603,11634,11664,11694,11723,11751,11776,11798,11817,11833,11845,11854,11859,11859,11856,11850,11840,11826,11808,11787,11762,11736,11709,11681,11653,11627,11603,11581,11563,11548,11537,11530,11526,11526,11529,11534,11542,11554,11570,11585,11602,11622,11648,11672,11695,11720,11741,11771,11793,11819,11836,11851,11864,11876,11886,11893,11896,11895,11892,11884,11873,11859,11844,11826,11808,11789,11769,11749,11728,11708,11687,11667,11646,11625,11605,11586,11566,11547,11528,11510,11493,11477,11463,11449,11437,11425,11416,11407,11399,11393,11389,11386,11384,11384,11385,11388,11392,11398,11405,11413,11423,11435,11448,11463,11480,11498,11518,11539,11563
11529,11558,11588,11619,11650,11682,11713,11743,11772,11799,11823,11844,11862,11877,11887,11895,11898,11897,11892,11884,11872,11857,11838,11815,11789,11760,11730,11700,11670,11641,11614,11591,11571,11555,11543,11535,11531,11530,11532,11537,11545,11557,11572,11589,11607,11628,11651,11675,11702,11727,11753,11778,11806,11831,11853,11871,11885,11898,11908,11916,11920,11921,11918,11910,11899,11884,11869,11850,11832,11811,11790,11770,11748,11727,11706,11685,11665,11644,11624,11604,11584,11565,11546,11528,11510,11493,11478,11464,11451,11439,11429,11420,11413,11407,11403,11400,11399,11400,11402,11406,11412,11419,11428,11438,11450,11464,11479,11497,11515,11536,11559,11583,11609
11575,11606,11637,11669,11701,11733,11765,11794,11822,11848,11871,11891,11907,11920,11928,11934,11936,11933,11927,11916,11903,11887,11867,11842,11814,11783,11751,11718,11685,11654,11626,11601,11579,11562,11549,11540,11535,11534,11536,11540,11548,11560,11573,11591,11610,11633,11658,11681,11707,11734,11762,11788,11818,11843,11868,11888,11904,11918,11929,11937,11941,11943,11941,11934,11924,11909,11894,11874,11854,11833,11812,11790,11769,11747,11726,11705,11684,11664,11644,11624,11605,11586,11567,11549,11531,11513,11497,11482,11469,11457,11447,11437,11430,11424,11420,11418,11417,11419,11422,11429,11435,11444,11454,11467,11481,11497,11514,11534,11556,11579,11604,11630,11658
11625,11657,11689,11722,11755,11787,11817,11846,11872,11896,11917,11935,11950,11960,11967,11971,11972,11968,11960,11949,11934,11916,11894,11869,11840,11807,11771,11736,11701,11667,11637,11610,11587,11568,11554,11545,11539,11538,11539,11544,11551,11563,11576,11594,11613,11636,11661,11686,11714,11743,11774,11802,11829,11857,11881,11904,11922,11937,11948,11956,11960,11963,11962,11956,11946,11932,11916,11897,11877,11854,11833,11811,11788,11767,11745,11724,11704,11684,11665,11645,11626,11608,11589,11571,11553,11536,11519,11504,11490,11478,11467,11457,11450,11444,11441,11439,11439,11442,11446,11455,11462,11473,11485,11500,11516,11535,11555,11577,11601,11627,11653,11681,11709
11679,11711,11744,11776,11809,11840,11869,11896,11921,11943,11962,11978,11990,11999,12004,12006,12005,12001,11993,11980,11964,11944,11922,11895,11864,11830,11792,11754,11716,11680,11648,11619,11594,11574,11559,11549,11543,11542,11543,11547,11555,11567,11580,11598,11617,11642,11667,11693,11724,11751,11779,11809,11842,11868,11895,11918,11938,11953,11966,11973,11978,11980,11980,11975,11966,11954,11938,11919,11899,11876,11854,11831,11810,11787,11766,11745,11724,11706,11687,11668,11650,11631,11614,11597,11579,11562,11545,11529,11515,11503,11492,11483,11476,11470,11467,11466,11467,11470,11476,11485,11495,11507,11522,11539,11557,11578,11601,11625,11651,11678,11706,11734,11761
11734,11766,11799,11831,11862,11892,11919,11945,11967,11987,12004,12018,12028,12035,12039,12039,12037,12032,12023,12009,11993,11972,11948,11920,11888,11853,11813,11772,11732,11693,11658,11627,11602,11581,11565,11554,11548,11546,11547,11552,11559,11571,11586,11602,11622,11646,11672,11698,11728,11760,11794,11822,11852,11880,11909,11933,11954,11969,11982,11989,11994,11996,11996,11993,11985,11973,11958,11940,11919,11897,11874,11852,11830,11808,11786,11765,11746,11726,11708,11691,11674,11657,11640,11623,11606,11589,11574,11559,11545,11533,11521,11512,11505,11500,11497,11497,11499,11504,11511,11521,11533,11548,11564,11583,11604,11627,11652,11679,11705,11732,11760,11787,11814
11790,11821,11853,11884,11914,11941,11967,11989,12010,12028,12042,12054,12062,12067,12070,12069,12066,12060,12051,12037,12020,11999,11974,11945,11912,11875,11835,11791,11748,11707,11669,11636,11609,11588,11571,11560,11554,11552,11553,11558,11565,11577,11592,11609,11629,11654,11681,11709,11737,11766,11793,11825,11857,11887,11917,11941,11965,11983,11995,12003,12008,12010,12011,12008,12001,11990,11976,11958,11938,11917,11895,11873,11850,11828,11807,11786,11767,11749,11731,11714,11699,11683,11668,11652,11637,11621,11606,11591,11579,11566,11556,11546,11540,11536,11535,11535,11538,11545,11554,11565,11579,11595,11614,11634,11657,11682,11708,11735,11761,11788,11814,11839,11864
11844,11875,11906,11935,11962,11987,12010,12031,12049,12064,12076,12086,12092,12096,12098,12096,12093,12086,12077,12063,12046,12025,11999,11970,11936,11898,11857,11812,11766,11722,11681,11646,11617,11594,11578,11567,11561,11560,11561,11565,11573,11584,11599,11616,11637,11662,11689,11715,11744,11774,11807,11838,11866,11894,11924,11953,11973,11991,12006,12014,12021,12023,12024,12021,12014,12004,11991,11975,11956,11936,11914,11892,11870,11848,11827,11807,11789,11771,11755,11739,11724,11710,11696,11682,11667,11653,11641,11628,11615,11605,11594,11585,11580,11577,11576,11578,11583,11591,11601,11615,11630,11649,11669,11692,11716,11741,11766,11791,11816,11841,11865,11889,11912
11897,11926,11955,11982,12007,12030,12050,12068,12083,12096,12106,12114,12119,12122,12122,12121,12117,12111,12101,12088,12071,12049,12024,11994,11960,11921,11879,11833,11785,11739,11696,11659,11628,11603,11585,11575,11569,11569,11570,11575,11582,11593,11608,11626,11647,11672,11698,11724,11754,11785,11814,11843,11877,11904,11934,11961,11983,12001,12016,12025,12031,12034,12035,12033,12027,12017,12005,11990,11972,11953,11932,11911,11889,11868,11848,11828,11811,11795,11779,11765,11752,11738,11726,11713,11701,11689,11679,11667,11656,11645,11635,11630,11626,11624,11624,11627,11633,11643,11655,11670,11688,11707,11728,11750,11774,11797,11821,11846,11869,11893,11916,11938,11959
11946,11974,12001,12025,12048,12068,12086,12101,12113,12123,12131,12137,12141,12143,12143,12142,12139,12133,12123,12110,12093,12072,12047,12017,11983,11945,11902,11856,11807,11758,11713,11674,11641,11615,11595,11584,11578,11578,11581,11586,11593,11604,11619,11636,11658,11681,11708,11735,11763,11792,11823,11857,11884,11913,11942,11968,11992,12012,12025,12034,12041,12045,12045,12042,12037,12029,12017,12003,11987,11968,11949,11928,11908,11888,11868,11850,11833,11819,11804,11792,11779,11768,11757,11747,11736,11728,11717,11708,11697,11687,11681,11676,11674,11673,11676,11681,11688,11699,11712,11728,11746,11766,11787,11809,11832,11855,11878,11900,11923,11944,11966,11986,12005
11992,12019,12043,12065,12084,12101,12116,12128,12138,12146,12151,12155,12158,12160,12161,12160,12157,12152,12143,12131,12114,12094,12069,12040,12006,11968,11926,11880,11831,11780,11733,11692,11657,11629,11609,11596,11590,11591,11593,11599,11607,11618,11632,11649,11670,11693,11717,11742,11772,11804,11831,11862,11894,11924,11952,11977,12004,12021,12034,12044,12050,12054,12054,12051,12046,12038,12028,12015,12000,11983,11964,11945,11926,11907,11889,11872,11856,11842,11829,11818,11808,11797,11789,11781,11773,11765,11758,11749,11741,11734,11730,11727,11726,11727,11732,11739,11747,11759,11772,11789,11806,11826,11846,11867,11889,11911,11932,11953,11974,11994,12013,12031,12048
12036,12059,12080,12099,12116,12129,12141,12150,12157,12162,12165,12168,12171,12174,12175,12175,12173,12168,12160,12149,12133,12114,12090,12061,12029,11992,11950,11904,11856,11806,11757,11713,11676,11647,11626,11612,11606,11606,11608,11614,11622,11634,11647,11664,11684,11704,11727,11754,11782,11813,11843,11874,11905,11934,11963,11988,12015,12030,12043,12054,12058,12063,12061,12059,12054,12047,12037,12026,12012,11996,11979,11961,11943,11925,11908,11893,11878,11866,11855,11845,11836,11828,11822,11816,11809,11803,11797,11791,11786,11781,11779,11778,11779,11783,11789,11797,11807,11819,11833,11849,11866,11886,11906,11925,11945,11965,11985,12004,12023,12041,12057,12073,12087
12075,12095,12114,12129,12142,12152,12160,12166,12169,12171,12174,12178,12181,12184,12186,12187,12186,12182,12174,12164,12149,12131,12109,12081,12050,12014,11974,11930,11883,11833,11784,11738,11699,11669,11647,11633,11626,11623,11625,11631,11640,11651,11664,11680,11699,11719,11741,11765,11793,11827,11855,11884,11916,11945,11973,12000,12024,12038,12052,12062,12066,12071,12069,12066,12062,12055,12046,12035,12023,12008,11992,11975,11958,11942,11927,11912,11900,11889,11879,11872,11863,11859,11852,11849,11843,11839,11835,11832,11829,11827,11827,11828,11831,11838,11846,11855,11866,11880,11895,11911,11928,11945,11962,11980,11998,12016,12035,12052,12068,12083,12097,12111,12122
12110,12127,12142,12154,12163,12169,12173,12175,12176,12178,12181,12184,12188,12192,12195,12196,12195,12192,12186,12177,12163,12147,12126,12100,12070,12036,11998,11956,11910,11862,11814,11767,11727,11694,11671,11656,11648,11644,11646,11651,11660,11671,11683,11698,11715,11734,11755,11779,11805,11835,11870,11895,11924,11957,11982,12011,12033,12048,12060,12072,12074,12079,12076,12074,12069,12063,12055,12044,12033,12020,12005,11990,11974,11958,11944,11932,11920,11911,11902,11896,11890,11886,11883,11880,11876,11874,11873,11872,11873,11874,11877,11882,11889,11897,11907,11918,11929,11941,11954,11969,11983,11999,12014,12031,12048,12065,12081,12096,12109,12122,12135,12147,12156
12141,12155,12166,12174,12178,12180,12181,12180,12180,12182,12185,12189,12193,12198,12201,12203,12203,12201,12196,12188,12176,12160,12141,12117,12089,12057,12021,11981,11938,11892,11845,11799,11758,11724,11699,11682,11673,11669,11669,11673,11681,11692,11703,11717,11733,11752,11772,11795,11820,11843,11878,11909,11937,11965,11992,12022,12042,12058,12069,12080,12082,12088,12085,12083,12078,12071,12063,12054,12043,12031,12018,12003,11989,11975,11962,11951,11940,11932,11926,11919,11917,11913,11913,11913,11913,11915,11918,11921,11925,11929,11934,11940,11946,11954,11963,11972,11984,11996,12008,12021,12035,12050,12065,12081,12096,12110,12123,12136,12149,12161,12171,12179,12185
12168,12178,12185,12189,12189,12187,12186,12183,12183,12184,12187,12191,12196,12201,12205,12208,12209,12208,12204,12197,12186,12171,12153,12132,12106,12076,12042,12005,11965,11922,11877,11833,11791,11757,11731,11713,11702,11696,11696,11699,11706,11715,11725,11737,11752,11770,11789,11811,11837,11859,11892,11921,11949,11980,12005,12033,12053,12071,12082,12090,12091,12096,12094,12092,12087,12080,12072,12063,12053,12042,12030,12018,12005,11993,11981,11971,11963,11956,11951,11948,11947,11948,11950,11953,11957,11961,11964,11969,11974,11978,11983,11989,11995,12003,12013,12023,12035,12047,12060,12073,12086,12100,12113,12126,12139,12151,12163,12175,12185,12192,12197,12202,12207
12190,12197,12200,12199,12196,12192,12189,12186,12185,12186,12189,12192,12197,12202,12207,12211,12213,12212,12210,12204,12194,12181,12165,12145,12121,12093,12062,12027,11989,11950,11909,11867,11828,11792,11766,11746,11734,11727,11725,11727,11732,11739,11748,11759,11773,11790,11809,11829,11855,11878,11906,11935,11963,11993,12019,12046,12066,12083,12094,12101,12102,12104,12104,12102,12096,12090,12081,12073,12063,12054,12043,12033,12023,12013,12004,11996,11989,11985,11981,11980,11981,11984,11987,11991,11995,11999,12003,12008,12012,12018,12026,12034,12043,12054,12065,12076,12087,12099,12110,12121,12133,12144,12154,12165,12177,12189,12198,12203,12208,12214,12219,12224,12228
12209,12211,12210,12206,12200,12195,12191,12188,12188,12189,12192,12195,12199,12203,12207,12212,12215,12215,12213,12209,12201,12189,12174,12156,12134,12109,12080,12047,12012,11976,11938,11900,11864,11829,11802,11782,11768,11760,11757,11757,11760,11764,11772,11782,11795,11812,11831,11851,11874,11899,11924,11953,11980,12008,12033,12057,12081,12098,12107,12113,12114,12115,12115,12112,12106,12100,12092,12083,12074,12066,12056,12049,12040,12033,12026,12020,12016,12011,12012,12011,12014,12017,12021,12025,12030,12035,12041,12048,12055,12064,12074,12084,12094,12104,12114,12124,12134,12143,12152,12161,12171,12181,12190,12202,12211,12216,12220,12226,12232,12238,12241,12243,12245
12223,12222,12217,12210,12203,12197,12193,12191,12191,12193,12196,12198,12200,12203,12207,12211,12215,12217,12216,12212,12205,12195,12182,12166,12146,12122,12096,12066,12033,12000,11966,11931,11898,11867,11839,11819,11804,11794,11789,11787,11787,11791,11797,11807,11820,11835,11854,11875,11897,11921,11944,11973,11998,12027,12052,12076,12098,12115,12123,12126,12128,12128,12126,12122,12116,12110,12103,12095,12087,12078,12071,12064,12058,12053,12048,12044,12042,12041,12040,12043,12045,12048,12053,12059,12065,12071,12079,12089,12099,12108,12118,12128,12138,12147,12155,12164,12173,12181,12189,12197,12205,12217,12224,12230,12233,12238,12245,12250,12253,12256,12257,12259,12259
12234,12229,12221,12212,12203,12198,12195,12195,12197,12199,12202,12203,12204,12205,12207,12211,12214,12217,12217,12214,12208,12200,12188,12173,12155,12134,12110,12083,12053,12022,11991,11960,11929,11901,11876,11855,11839,11828,11821,11818,11817,11819,11825,11834,11846,11862,11880,11900,11923,11946,11970,11995,12023,12049,12076,12098,12120,12135,12143,12144,12144,12144,12141,12135,12128,12121,12113,12106,12099,12092,12085,12080,12075,12071,12069,12067,12067,12067,12070,12071,12074,12079,12085,12092,12100,12109,12118,12129,12139,12149,12159,12168,12177,12185,12193,12201,12208,12214,12221,12230,12240,12244,12246,12250,12256,12262,12265,12268,12270,12271,12272,12272,12271
12242,12233,12221,12209,12201,12197,12196,12198,12201,12204,12207,12208,12208,12208,12209,12211,12214,12216,12217,12215,12210,12203,12192,12179,12163,12144,12122,12097,12070,12042,12014,11986,11959,11933,11910,11890,11874,11862,11854,11849,11848,11849,11854,11862,11875,11890,11908,11928,11950,11971,11999,12021,12051,12076,12104,12125,12146,12159,12166,12167,12166,12163,12159,12150,12141,12133,12127,12119,12113,12106,12101,12097,12094,12092,12092,12091,12092,12094,12095,12098,12102,12109,12116,12126,12135,12146,12156,12166,12176,12186,12195,12203,12211,12218,12224,12230,12236,12247,12255,12258,12260,12263,12268,12273,12277,12279,12282,12284,12284,12284,12284,12282,12280
12247,12234,12218,12205,12196,12194,12195,12199,12204,12208,12211,12214,12214,12213,12213,12214,12215,12216,12216,12215,12212,12206,12197,12185,12170,12153,12133,12110,12086,12061,12035,12010,11985,11962,11941,11923,11907,11895,11887,11881,11879,11880,11885,11893,11905,11920,11938,11958,11980,12003,12031,12054,12086,12109,12138,12157,12176,12187,12193,12194,12193,12187,12179,12168,12157,12148,12139,12132,12126,12120,12115,12112,12110,12109,12110,12112,12113,12115,12118,12122,12129,12138,12147,12158,12169,12180,12190,12199,12209,12218,12226,12232,12239,12246,12255,12264,12270,12272,12274,12276,12280,12285,12289,12291,12293,12295,12295,12296,12295,12294,12293,12290,12287
12250,12232,12212,12197,12189,12190,12192,12198,12206,12211,12216,12219,12221,12221,12220,12220,12219,12219,12217,12216,12213,12208,12200,12189,12176,12161,12142,12122,12101,12078,12054,12032,12010,11989,11970,11953,11938,11926,11918,11912,11910,11911,11917,11925,11938,11953,11971,11991,12015,12040,12067,12097,12123,12147,12172,12192,12206,12218,12222,12220,12219,12212,12202,12190,12178,12166,12155,12145,12137,12133,12130,12126,12126,12126,12127,12128,12130,12134,12141,12147,12155,12166,12178,12189,12199,12209,12219,12228,12236,12244,12252,12262,12271,12278,12284,12287,12289,12290,12293,12296,12300,12302,12303,12305,12305,12306,12305,12305,12304,12302,12300,12297,12293
12253,12231,12207,12190,12181,12184,12190,12196,12207,12214,12220,12225,12228,12229,12229,12228,12227,12225,12222,12218,12214,12210,12203,12194,12182,12168,12151,12133,12114,12093,12072,12052,12032,12013,11995,11980,11967,11956,11948,11943,11942,11944,11950,11959,11972,11988,12007,12030,12056,12084,12111,12140,12162,12184,12203,12221,12232,12246,12244,12243,12243,12237,12225,12213,12199,12186,12174,12162,12151,12143,12137,12135,12136,12137,12139,12142,12148,12155,12163,12170,12182,12194,12205,12216,12226,12236,12245,12253,12264,12275,12285,12291,12295,12298,12301,12303,12304,12307,12310,12312,12313,12314,12315,12315,12315,12314,12314,12312,12311,12308,12305,12302,12297
12257,12231,12202,12183,12180,12182,12191,12196,12208,12217,12224,12230,12234,12237,12239,12238,12237,12235,12231,12226,12220,12213,12206,12198,12188,12175,12160,12144,12126,12108,12089,12070,12052,12035,12019,12005,11993,11984,11977,11974,11974,11977,11984,11995,12009,12028,12050,12076,12103,12130,12155,12177,12199,12216,12233,12248,12260,12273,12268,12267,12264,12261,12248,12234,12222,12209,12195,12182,12167,12157,12151,12147,12147,12149,12153,12159,12165,12173,12183,12194,12206,12217,12229,12241,12252,12261,12272,12284,12294,12300,12304,12307,12310,12313,12316,12319,12321,12323,12323,12324,12325,12325,12325,12323,12322,12321,12320,12318,12316,12313,12309,12305,12300
12265,12239,12208,12186,12181,12181,12193,12198,12210,12220,12228,12235,12241,12246,12249,12250,12250,12248,12244,12239,12231,12221,12212,12203,12193,12182,12169,12154,12138,12121,12104,12087,12071,12056,12042,12030,12020,12012,12008,12006,12008,12013,12022,12034,12052,12074,12098,12124,12149,12172,12194,12213,12232,12248,12264,12275,12286,12299,12289,12295,12285,12284,12270,12257,12243,12231,12216,12201,12185,12171,12163,12159,12158,12160,12165,12172,12180,12190,12200,12212,12225,12239,12252,12264,12276,12289,12297,12306,12312,12317,12320,12324,12329,12334,12337,12338,12339,12338,12337,12337,12336,12335,12333,12331,12329,12327,12325,12323,12320,12316,12312,12307,12300
12274,12250,12218,12197,12187,12187,12197,12201,12213,12224,12233,12241,12248,12254,12259,12262,12263,12262,12259,12254,12247,12237,12225,12213,12201,12189,12176,12163,12149,12134,12119,12104,12089,12076,12064,12054,12046,12041,12039,12039,12043,12051,12063,12080,12100,12123,12146,12169,12191,12211,12231,12249,12264,12280,12291,12303,12308,12320,12320,12314,12307,12303,12293,12281,12268,12253,12238,12222,12206,12190,12178,12172,12171,12175,12180,12186,12197,12206,12217,12231,12247,12260,12272,12286,12299,12310,12318,12323,12328,12334,12341,12347,12352,12355,12356,12356,12355,12354,12352,12349,12346,12343,12340,12337,12334,12331,12329,12326,12322,12318,12313,12307,12300
12284,12262,12233,12215,12199,12198,12203,12206,12218,12229,12238,12247,12255,12263,12269,12274,12276,12277,12275,12271,12265,12256,12244,12231,12216,12202,12188,12175,12162,12148,12134,12121,12109,12098,12088,12081,12075,12073,12073,12077,12084,12095,12111,12129,12149,12171,12192,12212,12231,12249,12266,12282,12295,12307,12317,12327,12332,12338,12343,12329,12334,12322,12317,12305,12290,12277,12261,12245,12229,12213,12198,12188,12185,12187,12192,12201,12210,12221,12234,12249,12264,12278,12293,12307,12318,12327,12333,12340,12348,12356,12361,12365,12368,12369,12370,12370,12368,12366,12363,12359,12355,12350,12346,12341,12338,12336,12333,12329,12324,12319,12313,12305,12297
12295,12276,12251,12235,12216,12215,12212,12214,12226,12236,12245,12254,12264,12273,12281,12286,12289,12290,12289,12286,12282,12275,12265,12253,12238,12222,12207,12192,12179,12166,12154,12142,12132,12123,12115,12110,12108,12108,12112,12119,12130,12143,12160,12178,12197,12217,12235,12252,12268,12284,12298,12311,12323,12333,12343,12350,12355,12354,12360,12355,12346,12342,12337,12330,12311,12300,12286,12267,12250,12232,12216,12204,12198,12199,12205,12214,12225,12239,12254,12271,12285,12301,12314,12327,12335,12342,12351,12361,12368,12373,12377,12380,12381,12382,12383,12382,12380,12377,12373,12368,12363,12358,12352,12346,12343,12339,12335,12331,12325,12319,12311,12302,12292
12307,12291,12270,12253,12237,12231,12226,12226,12235,12245,12254,12264,12276,12286,12294,12300,12304,12305,12305,12303,12299,12293,12285,12275,12262,12248,12232,12216,12202,12189,12178,12167,12159,12152,12147,12144,12145,12148,12155,12165,12177,12192,12209,12226,12243,12259,12274,12288,12302,12316,12328,12339,12349,12357,12364,12370,12375,12374,12375,12373,12365,12362,12353,12347,12332,12320,12308,12291,12273,12255,12239,12225,12216,12214,12218,12227,12241,12258,12274,12290,12307,12325,12335,12343,12350,12361,12371,12378,12384,12388,12391,12393,12394,12395,12394,12393,12391,12388,12383,12378,12372,12366,12358,12352,12347,12343,12338,12332,12326,12318,12308,12297,12286
12321,12306,12289,12272,12259,12249,12243,12241,12248,12256,12265,12277,12288,12297,12305,12311,12317,12320,12321,12320,12317,12312,12305,12297,12286,12274,12261,12246,12232,12218,12207,12198,12191,12186,12183,12183,12186,12192,12201,12213,12226,12241,12255,12270,12284,12297,12310,12322,12333,12344,12354,12363,12371,12378,12384,12389,12391,12393,12389,12390,12383,12378,12372,12364,12355,12345,12331,12316,12299,12281,12266,12252,12241,12236,12237,12244,12261,12280,12295,12311,12328,12344,12350,12357,12369,12380,12387,12393,12397,12401,12404,12405,12405,12406,12405,12404,12401,12397,12392,12387,12381,12374,12365,12357,12351,12346,12340,12333,12325,12316,12304,12291,12279
12334,12320,12307,12292,12279,12269,12262,12260,12264,12270,12280,12291,12301,12309,12318,12325,12330,12334,12336,12337,12335,12332,12327,12320,12311,12301,12289,12278,12265,12254,12243,12235,12229,12225,12225,12227,12232,12240,12250,12261,12273,12286,12298,12310,12321,12332,12342,12351,12360,12369,12377,12385,12391,12396,12401,12405,12407,12409,12406,12404,12399,12397,12385,12384,12371,12363,12349,12339,12326,12310,12295,12282,12270,12262,12261,12268,12282,12298,12313,12329,12348,12359,12366,12376,12386,12394,12400,12405,12410,12413,12414,12415,12416,12416,12415,12413,12410,12406,12401,12396,12389,12381,12371,12362,12355,12349,12342,12334,12324,12313,12299,12285,12272
12347,12336,12323,12310,12298,12289,12281,12281,12283,12289,12298,12307,12316,12324,12331,12338,12344,12349,12352,12353,12353,12351,12348,12343,12337,12329,12320,12310,12301,12292,12284,12277,12273,12271,12272,12275,12280,12287,12296,12306,12316,12326,12335,12344,12353,12362,12369,12376,12384,12391,12397,12403,12408,12413,12417,12420,12422,12423,12421,12418,12415,12411,12402,12401,12391,12387,12373,12361,12350,12337,12323,12311,12301,12293,12291,12295,12309,12322,12334,12346,12360,12372,12383,12392,12400,12408,12414,12419,12421,12423,12424,12425,12426,12425,12424,12422,12419,12415,12410,12404,12398,12389,12378,12368,12360,12352,12344,12334,12323,12310,12295,12280,12267
12359,12349,12338,12327,12316,12306,12302,12301,12303,12309,12317,12324,12332,12339,12345,12352,12358,12363,12368,12369,12370,12368,12367,12363,12359,12354,12347,12341,12334,12327,12321,12317,12314,12313,12314,12318,12323,12329,12336,12344,12352,12359,12367,12374,12381,12387,12393,12398,12403,12409,12414,12420,12424,12428,12431,12433,12434,12435,12433,12432,12429,12423,12418,12414,12407,12397,12396,12383,12374,12364,12352,12340,12332,12323,12321,12323,12335,12345,12354,12365,12378,12388,12397,12405,12413,12419,12424,12429,12431,12433,12434,12434,12434,12434,12432,12430,12428,12424,12418,12413,12405,12396,12385,12374,12364,12356,12346,12335,12323,12308,12292,12276,12264
12371,12362,12352,12341,12332,12326,12321,12321,12323,12329,12335,12342,12349,12356,12362,12368,12374,12379,12384,12386,12388,12385,12386,12383,12380,12376,12372,12367,12362,12358,12353,12351,12349,12349,12350,12354,12358,12364,12370,12377,12382,12388,12393,12399,12404,12409,12413,12416,12421,12426,12431,12435,12438,12441,12443,12445,12445,12446,12445,12443,12441,12437,12432,12427,12419,12419,12404,12405,12393,12384,12378,12368,12360,12352,12350,12351,12358,12367,12374,12384,12394,12403,12411,12419,12425,12431,12437,12441,12441,12443,12442,12443,12442,12441,12440,12438,12436,12432,12427,12421,12413,12404,12393,12381,12370,12360,12349,12337,12324,12309,12292,12278,12268
12382,12374,12365,12357,12349,12343,12340,12340,12343,12348,12354,12360,12366,12372,12378,12384,12389,12394,12399,12402,12403,12402,12402,12400,12398,12395,12393,12390,12387,12384,12382,12380,12380,12380,12382,12386,12390,12394,12399,12403,12407,12411,12416,12420,12424,12427,12430,12433,12437,12441,12445,12448,12451,12453,12454,12455,12456,12456,12455,12454,12452,12449,12445,12441,12436,12426,12430,12421,12413,12404,12400,12391,12384,12378,12377,12377,12381,12386,12394,12403,12411,12418,12425,12430,12437,12442,12446,12448,12449,12452,12451,12451,12450,12449,12448,12446,12444,12441,12436,12429,12422,12413,12401,12388,12376,12365,12354,12341,12328,12313,12297,12284,12277
12392,12385,12377,12371,12364,12360,12358,12359,12362,12367,12372,12377,12382,12388,12394,12399,12404,12409,12414,12416,12417,12417,12417,12415,12414,12412,12410,12409,12407,12406,12405,12405,12405,12406,12409,12412,12415,12418,12421,12423,12427,12430,12434,12437,12439,12442,12445,12447,12450,12453,12457,12460,12462,12463,12465,12465,12465,12465,12464,12463,12461,12459,12456,12453,12447,12444,12440,12430,12429,12419,12420,12411,12408,12403,12403,12403,12405,12408,12415,12421,12425,12431,12437,12442,12448,12453,12456,12458,12459,12460,12460,12460,12459,12457,12456,12454,12452,12449,12444,12438,12430,12421,12410,12397,12384,12371,12360,12347,12335,12322,12308,12299,12296
12402,12396,12390,12384,12379,12377,12376,12377,12380,12384,12388,12392,12398,12403,12408,12413,12418,12422,12426,12428,12430,12430,12430,12429,12428,12427,12426,12425,12425,12424,12425,12425,12426,12428,12430,12432,12434,12436,12438,12440,12443,12445,12448,12451,12454,12456,12457,12458,12461,12464,12468,12470,12472,12474,12474,12474,12474,12473,12472,12471,12470,12468,12465,12462,12456,12454,12448,12445,12442,12436,12433,12433,12432,12428,12426,12426,12427,12430,12433,12436,12439,12444,12449,12454,12458,12462,12463,12465,12467,12468,12468,12468,12467,12466,12464,12462,12459,12457,12452,12446,12439,12430,12419,12406,12393,12380,12368,12357,12345,12334,12324,12318,12317
12411,12407,12402,12398,12395,12393,12393,12394,12397,12400,12404,12408,12412,12417,12422,12426,12431,12434,12437,12439,12441,12441,12441,12441,12440,12440,12439,12439,12440,12440,12441,12442,12443,12444,12445,12447,12449,12450,12452,12454,12456,12458,12460,12464,12466,12466,12467,12470,12472,12474,12477,12479,12481,12482,12482,12482,12481,12480,12480,12478,12477,12475,12472,12469,12466,12463,12457,12455,12449,12450,12450,12453,12450,12448,12445,12447,12447,12449,12449,12450,12453,12457,12461,12465,12467,12470,12471,12473,12475,12476,12476,12476,12475,12474,12472,12470,12467,12464,12460,12455,12447,12438,12428,12416,12403,12390,12378,12367,12357,12348,12342,12339,12339
12422,12418,12414,12411,12409,12408,12408,12410,12412,12414,12417,12421,12426,12430,12434,12438,12442,12445,12448,12449,12450,12451,12451,12451,12450,12450,12450,12451,12452,12453,12454,12454,12455,12456,12458,12459,12460,12462,12463,12465,12466,12468,12472,12474,12474,12475,12479,12479,12481,12483,12485,12486,12487,12488,12488,12487,12486,12486,12485,12485,12483,12481,12478,12475,12472,12470,12468,12468,12467,12467,12465,12460,12466,12463,12462,12463,12462,12462,12461,12464,12468,12470,12471,12474,12476,12478,12479,12481,12483,12484,12484,12484,12483,12482,12480,12478,12474,12471,12468,12463,12457,12448,12437,12426,12414,12401,12390,12380,12372,12364,12360,12359,12361
12431,12427,12425,12422,12421,12421,12422,12423,12425,12427,12431,12435,12439,12442,12446,12449,12452,12455,12457,12458,12459,12459,12459,12459,12459,12460,12460,12461,12462,12463,12463,12464,12465,12466,12467,12468,12470,12471,12472,12472,12473,12477,12480,12480,12481,12487,12487,12485,12488,12489,12490,12491,12492,12492,12492,12491,12490,12490,12490,12489,12488,12486,12484,12481,12479,12477,12475,12475,12475,12476,12481,12479,12476,12478,12475,12475,12471,12475,12476,12478,12479,12479,12481,12483,12484,12485,12487,12489,12489,12489,12489,12489,12489,12488,12487,12485,12481,12478,12475,12471,12465,12458,12448,12437,12425,12414,12403,12394,12387,12381,12379,12379,12384
12440,12437,12435,12433,12433,12433,12434,12435,12437,12440,12443,12446,12449,12452,12455,12458,12461,12463,12464,12465,12466,12466,12466,12467,12467,12467,12468,12469,12470,12471,12471,12472,12473,12474,12475,12477,12477,12477,12478,12477,12481,12485,12485,12485,12491,12495,12493,12492,12494,12494,12494,12496,12497,12496,12495,12494,12493,12493,12493,12493,12492,12491,12489,12487,12485,12484,12483,12482,12482,12481,12483,12485,12486,12486,12484,12484,12486,12487,12487,12486,12486,12488,12489,12490,12490,12493,12494,12493,12493,12494,12494,12494,12494,12494,12492,12490,12487,12484,12481,12477,12472,12466,12457,12448,12437,12428,12418,12410,12404,12400,12400,12403,12408
12447,12445,12443,12443,12443,12444,12445,12446,12449,12451,12454,12457,12459,12461,12464,12466,12468,12470,12471,12472,12473,12473,12473,12473,12473,12474,12475,12475,12476,12477,12477,12478,12479,12480,12482,12481,12481,12482,12482,12483,12489,12490,12489,12493,12497,12503,12501,12496,12500,12501,12497,12500,12500,12499,12498,12497,12497,12496,12496,12496,12496,12495,12493,12491,12490,12489,12489,12488,12488,12488,12488,12489,12490,12492,12493,12494,12495,12494,12493,12492,12494,12496,12496,12495,12497,12497,12497,12498,12498,12498,12499,12500,12500,12499,12498,12495,12492,12489,12486,12482,12478,12473,12466,12459,12451,12442,12435,12429,12425,12424,12425,12427,12430
12457,12456,12455,12455,12453,12453,12454,12456,12458,12461,12463,12465,12467,12468,12471,12473,12475,12476,12477,12478,12478,12478,12477,12477,12478,12479,12480,12481,12482,12482,12482,12483,12484,12486,12484,12484,12486,12486,12489,12494,12495,12494,12502,12500,12497,12512,12512,12503,12509,12510,12502,12505,12504,12503,12501,12499,12499,12499,12499,12499,12499,12498,12497,12496,12495,12494,12494,12493,12493,12494,12494,12495,12496,12497,12499,12500,12500,12498,12497,12500,12501,12502,12502,12501,12504,12504,12501,12501,12501,12500,12501,12502,12503,12501,12500,12497,12493,12491,12488,12485,12482,12478,12473,12467,12462,12457,12452,12448,12445,12444,12444,12445,12448
